    1    4   12.7683
    1   24   20.5995
    1   42   14.4430
    1   93   15.1445
    1  129    5.6797
    1  225   18.4140
    1  269   14.2420
    1  271   17.8629
    1  305   17.8745
    2   12   14.9342
    2   99    7.0843
    2  144   15.1605
    2  164   14.5389
    2  203   16.6987
    2  214    4.8355
    2  236   14.1369
    2  251   11.3760
    2  262   17.5505
    2  274   11.9412
    3   16    7.6522
    3   61   10.9065
    3   62    8.0536
    3   70    9.8103
    3   78   14.8378
    3   98    9.6027
    3  107   10.8379
    3  108   12.2621
    3  131   11.3393
    3  183    9.4464
    3  277    1.4188
    3  308   14.6042
    4   24   15.6276
    4   33   17.5851
    4   42    6.2529
    4   93   16.8522
    4  116   18.6937
    4  129   11.6832
    4  240   17.6212
    4  305    8.0496
    4  310   16.3324
    5   19   20.2993
    5  122    8.6617
    5  149    9.6200
    5  173    4.0953
    5  206    3.4834
    5  242   15.5912
    5  243   13.8239
    5  259   11.4813
    5  296   14.2714
    6   17   10.8177
    6   34   15.9533
    6   66   17.4436
    6  126   10.9319
    6  139   16.9913
    6  142   17.9597
    6  167    9.9938
    6  220   11.0292
    6  298   16.1898
    6  312   18.0041
    7   45   18.0889
    7   85    9.0870
    7  105   12.3355
    7  161   14.2305
    7  190   15.6006
    7  212   11.0803
    7  320   11.9366
    8   11   18.4754
    8   46   10.9442
    8   50    7.5431
    8  123   19.5119
    8  141   16.8388
    8  186   15.5285
    8  202   15.1198
    8  215   11.9212
    8  224   15.4441
    8  241   18.3460
    8  302   17.5414
    8  320   12.0028
    9   40   18.6635
    9  114   14.0588
    9  163   18.5022
    9  186   21.4995
    9  208    9.2146
    9  222   11.2562
    9  270   11.3392
   10   14   20.1200
   10   26   16.7694
   10   36   19.6336
   10   38   17.0553
   10   52   20.0953
   10  124   18.2382
   10  158   12.4322
   10  213   12.0206
   10  238    9.6724
   10  257   17.9535
   10  278   11.3400
   10  285   20.1386
   10  286   15.3798
   10  301    9.4024
   10  315   12.7210
   11   46   17.0389
   11   50    9.7922
   11   80    2.7174
   11   90   19.2263
   11  123    5.5948
   11  141    2.4045
   11  186   13.2723
   11  202   14.3781
   11  215   12.6201
   11  222   15.7491
   11  224   13.1476
   11  241    4.1715
   11  270   16.7502
   12   99   14.4055
   12  144   18.9193
   12  145   17.8829
   12  154   12.9461
   12  214   13.5257
   12  246    9.1882
   12  251   11.2728
   12  262    6.2039
   12  274   18.7936
   12  279   17.3965
   13   39   14.5140
   13  201   11.4804
   13  260   10.9170
   13  280   16.4473
   13  295    2.5201
   14   18   11.9815
   14   22   12.7998
   14   25    7.3150
   14   38    2.3889
   14   49   14.1592
   14  102    6.2220
   14  124    4.6782
   14  125   18.6237
   14  158   18.2455
   14  184   17.4186
   14  219   19.4169
   14  238   16.3750
   14  257    5.8857
   14  285    3.3934
   14  286   12.7242
   15   79   16.4460
   15  106   16.9570
   15  137   17.3118
   15  188   19.3016
   15  192   16.8182
   15  248   17.2445
   15  284   13.7077
   15  287   14.5089
   15  312   17.6565
   16   61   15.6724
   16   62   11.8506
   16   70    7.1609
   16   98   15.0753
   16  100   19.1065
   16  107   11.2370
   16  108    5.0905
   16  131    7.4185
   16  183   15.8630
   16  263   20.9854
   16  277    7.8343
   16  308   16.9206
   17   34   13.1602
   17   66   13.7944
   17  139   16.9409
   17  142    6.9014
   17  220   17.9126
   17  298    6.2102
   17  312   12.2299
   18   22   15.1085
   18   25   15.4447
   18   38   15.9188
   18   54   12.9847
   18   60   13.5283
   18  102   15.0518
   18  124   15.7415
   18  125    6.9354
   18  128   19.1706
   18  184   13.9426
   18  238   18.1549
   18  257   20.1695
   18  285   10.3061
   18  315   19.5857
   18  318   15.8120
   19   23   15.2135
   19   64   14.2390
   19  146   17.3171
   19  147   10.8153
   19  206   16.8042
   19  218   16.4888
   19  229   18.2404
   19  237   16.8889
   19  243   19.3328
   19  244    7.2488
   19  249   18.1104
   19  273   14.7985
   20   36   17.2321
   20   49   16.7195
   20   56   19.9598
   20   72   18.8632
   20   77   12.7601
   20  111   12.0495
   20  124   18.2350
   20  158   18.3014
   20  182   12.4085
   20  187    7.5693
   20  257   17.6476
   20  286   14.6714
   21   33    8.8799
   21   37   17.2988
   21   42   20.8630
   21   69   15.3415
   21   74    7.7101
   21  104   17.9815
   21  133   14.4735
   21  221    5.7346
   21  240   15.8620
   22   25    5.2944
   22   38   13.8965
   22   49    9.6042
   22   54   17.7409
   22  102    5.4580
   22  115   19.8043
   22  124   16.0487
   22  128   16.6112
   22  184    6.4964
   22  219    9.2290
   22  231   19.4054
   22  257   14.7592
   22  267   19.5315
   22  285   10.8227
   23   97   19.1914
   23  146    1.6252
   23  169   20.9021
   23  173   17.9018
   23  228   14.9790
   23  237    3.4725
   23  243    8.7702
   23  244   16.9639
   23  273   17.5446
   23  296   16.0114
   23  306   10.6545
   23  314   10.6636
   24   29    9.4820
   24  116   12.3002
   24  282   17.5861
   24  305   12.5072
   24  310   14.6800
   25   38    7.5362
   25   49    8.1396
   25  102    0.4840
   25  124   10.1462
   25  184   10.6908
   25  219   12.4793
   25  257    9.8561
   25  285    7.5530
   25  286   15.5859
   26   47   16.7671
   26  130    9.8468
   26  196    8.8171
   26  238   20.0604
   26  278    9.2140
   26  315   16.2632
   27   31   11.3312
   27  150    0.3713
   27  168   12.8125
   27  232    3.5881
   27  275   16.9477
   28   74   20.9744
   28  104   11.7227
   28  188   18.2058
   28  199    5.7174
   28  226   12.3219
   28  230   10.9644
   28  261   18.3337
   28  265   19.4546
   29   88   15.5182
   29  116   15.6950
   29  174   18.6755
   29  282   11.1242
   29  310   16.6997
   30   35   13.7776
   30   48   10.4349
   30   94   18.2229
   30  109   18.6882
   30  120    9.2617
   30  185   16.6190
   30  211   20.4510
   30  309    5.7186
   30  311    8.4954
   31  118   19.1653
   31  148   14.0627
   31  150   12.4033
   31  168    5.7508
   31  232    8.1134
   31  275   15.5503
   32   44   15.7684
   32   68   18.1961
   32   92    7.0965
   32  109   15.8998
   32  135   14.2058
   32  165    8.2670
   32  185   19.3936
   32  211   12.7771
   32  216   11.1672
   32  239   20.0050
   32  288   17.5872
   32  292    3.4248
   33   42   11.1528
   33   74   12.9721
   33  221    9.1113
   33  240   16.8600
   34   66    0.0919
   34  130   12.6438
   34  142   16.9871
   34  190   17.8592
   34  196   16.1811
   34  220   13.7741
   34  298    8.7566
   35   48    8.1808
   35   92   15.8957
   35   94    6.8055
   35  109    5.3576
   35  115   12.8024
   35  120    9.8530
   35  165   13.1359
   35  185    2.7967
   35  211    9.5672
   35  216   11.0540
   35  267   15.5285
   35  309    9.4206
   35  311   13.0211
   36   52    3.1663
   36   72    6.1994
   36  124   20.8996
   36  158    6.9195
   36  182   14.4235
   36  213   10.8899
   36  257   18.3287
   36  286   13.3848
   36  301    9.6851
   37   69    7.7555
   37   74   17.4250
   37  104   17.2706
   37  133    8.7477
   37  151   17.3050
   37  221   16.3351
   37  261   20.4151
   37  266   20.6199
   37  268   13.6820
   37  272   19.2214
   38   49   14.9259
   38  102    7.0638
   38  124    2.6368
   38  158   14.5936
   38  184   15.7690
   38  219   17.8863
   38  238   17.7532
   38  257    3.3986
   38  285    4.9063
   38  286   10.3799
   38  301   20.3924
   39   63   10.9059
   39   81   17.9636
   39  217   15.7685
   39  223   14.9571
   39  233   17.8430
   39  235   12.4368
   39  283   18.5457
   39  295   16.7714
   39  297   15.5763
   40   60   17.4061
   40   95    7.4317
   40  114    6.6578
   40  163    7.5346
   40  208   10.3071
   40  255   14.1902
   41   79   17.9576
   41   84    3.5601
   41   99   16.9685
   41  151   15.6404
   41  156   13.0569
   41  205   10.2912
   41  236   16.2732
   41  251   16.1807
   41  261   19.8304
   41  268   11.8307
   41  300    7.5029
   42   93   14.8118
   42  129   14.3934
   42  221   16.4665
   42  240   18.3731
   42  305   13.1081
   43   53   14.2029
   43   69   17.9210
   43   71    3.2987
   43   87   17.9285
   43  133   16.8537
   43  151   18.7975
   43  180    8.6201
   43  217   11.1149
   43  233   20.9251
   43  235   14.9606
   43  266    2.6380
   43  272    3.8123
   44   68    5.3682
   44   92   17.2402
   44  135   12.0651
   44  239   10.3836
   44  252   12.9743
   44  253   15.2385
   44  288   15.5269
   44  290    5.2158
   44  292   18.9812
   45   73    5.9463
   45   85   12.1912
   45  105   14.2539
   45  118    9.0322
   45  148   11.0180
   45  198   16.5665
   45  212   11.8064
   46   50   10.9338
   46   80   18.1427
   46   82    9.3165
   46   90   10.3869
   46  110   15.9150
   46  123   16.8725
   46  141   17.1809
   46  202    6.0613
   46  224    6.4152
   46  302    9.2891
   46  320   18.1054
   47  114   19.2218
   47  130   19.0387
   47  132    8.0654
   47  161   19.3766
   47  163   14.9076
   47  196   14.4071
   47  208   19.9419
   47  255   15.2189
   48   94    9.7789
   48  109   13.7857
   48  115   12.8149
   48  120    2.1582
   48  128   18.1435
   48  185   11.3181
   48  211   19.0834
   48  216   20.9571
   48  267   18.4404
   48  309    5.5589
   48  311    6.7671
   49   77   11.1859
   49  102   10.1307
   49  111   15.5619
   49  124   13.0611
   49  184   16.6657
   49  219    5.9250
   49  231   10.9786
   49  257   13.4994
   49  285   15.5202
   49  286   16.4929
   50   80   12.7871
   50   90   16.3768
   50  123   11.4012
   50  141    9.5526
   50  186   11.2351
   50  202   11.7551
   50  215    8.2795
   50  224   11.9687
   50  241   12.7831
   50  302   18.1301
   50  320   19.3736
   51   58    4.5690
   51   64   14.5782
   51   76   12.6097
   51  244   18.5469
   51  249   10.1162
   51  273   12.3424
   52   72    4.2308
   52  158   10.7758
   52  182   13.8752
   52  210   19.8836
   52  213    9.9710
   52  286   16.2349
   52  301   10.1063
   53   69   15.0191
   53   71   17.2106
   53  116   14.3744
   53  133   15.4750
   53  174   17.2350
   53  180    6.2671
   53  200   16.2905
   53  217   17.2458
   53  221   16.1638
   53  233   18.1566
   53  235   20.0631
   53  240    9.6249
   53  266   13.9666
   53  272   15.1863
   53  305   18.4879
   53  310   11.9671
   54  125    9.7596
   54  128    6.9351
   54  184   11.3407
   54  318    3.4943
   55  176    1.4625
   55  293   12.5023
   56   75   20.1737
   56  127   10.0092
   56  159   17.8798
   56  182   12.0518
   56  187   12.9456
   56  294   13.5715
   57   62   15.8524
   57   78   13.5659
   57  160   15.4747
   57  183   18.0266
   57  204   20.2607
   57  250    7.2182
   57  281   16.3858
   57  304   13.9668
   57  308    8.7269
   58   64   14.3138
   58   76   11.6279
   58  249   13.0960
   58  273   15.8633
   59   64    9.1091
   59   91   13.1830
   59  101    2.0336
   59  218    3.3021
   59  244   13.4998
   59  249   10.5297
   59  273   11.5931
   60   95   17.2080
   60  125   11.8783
   60  238   16.5136
   60  255   18.7695
   60  315   16.1354
   61   62   17.8589
   61   78   17.1417
   61   86   19.9157
   61   98    1.4547
   61  107   11.1844
   61  119    9.2345
   61  131   15.6443
   61  183   11.9582
   61  253   18.9458
   61  277    9.1285
   61  316   12.9130
   62   70   10.9424
   62   78    9.6544
   62   98   15.3333
   62  107   20.5539
   62  108   16.1988
   62  131   20.1569
   62  183    7.2302
   62  250   18.8223
   62  277   10.6294
   62  281   20.9322
   62  308    7.5249
   63   81   16.6108
   63   88   15.4061
   63  174   14.0712
   63  200   11.9944
   63  217   15.0054
   63  223   17.7220
   63  233   11.3625
   63  235   12.1039
   63  282   17.5771
   63  297   19.2838
   64  101   11.0452
   64  147   21.2201
   64  218    8.3341
   64  244    8.8973
   64  249    3.4160
   64  273    2.4642
   65   97   11.9047
   65  134   15.3017
   65  166   17.1391
   65  169   15.7082
   65  189    5.4708
   65  228   11.7411
   65  296   20.9241
   65  306   14.5672
   65  314   16.2611
   65  319    9.8036
   66  130   12.2697
   66  142   17.6419
   66  190   19.0755
   66  196   15.7744
   66  220   12.9521
   66  298   10.5503
   67   76   15.0448
   67  152   13.6513
   67  234   12.6024
   67  247    1.1691
   68   92   20.1246
   68  135   19.9348
   68  239    4.2678
   68  252   14.1612
   68  253   15.0165
   68  290    5.3030
   68  292   21.2312
   68  316   20.3820
   69   71   17.5003
   69   74   20.6768
   69  133    1.0817
   69  151   19.7581
   69  180   12.1722
   69  221   12.6622
   69  240   15.8808
   69  266   12.9891
   69  272   12.3720
   70   78   19.3150
   70   98   19.0741
   70  100   17.7373
   70  107   18.2364
   70  108    8.4470
   70  131   13.5793
   70  183   16.8974
   70  209   15.6671
   70  263   17.1380
   70  277   12.4561
   70  308   13.1982
   71   87   16.9250
   71  133   17.3565
   71  151   16.1736
   71  180   13.1871
   71  217   12.3578
   71  235   16.4451
   71  266    5.3839
   71  272    5.0042
   72  158   13.9754
   72  182   10.2358
   72  210   15.9515
   72  213   14.2647
   72  286   19.8855
   72  301   14.7498
   73   85   17.9569
   73  105   14.4816
   73  118    8.6124
   73  148   14.6028
   73  212   10.6858
   74  104    9.2572
   74  133   20.2634
   74  199   16.2250
   74  221   14.9628
   74  226   16.3481
   75   89    5.9275
   75  106   15.4013
   75  210    9.7327
   75  248   17.1641
   75  294   16.5711
   76  247   13.5561
   77  111    3.7410
   77  187   13.8270
   77  219   12.4485
   77  231   10.3420
   78   98   16.9913
   78  183    6.1566
   78  277   14.6075
   78  281   11.2457
   78  308   10.1825
   79  137    5.0197
   79  188   16.8780
   79  192    8.0911
   79  205    7.7004
   79  236    9.2472
   79  261   18.3142
   79  284   19.8258
   79  287   17.7877
   80   90   18.7824
   80  123    4.3274
   80  141    5.4227
   80  186   16.1521
   80  202   14.7676
   80  215   15.6562
   80  222   17.0941
   80  224   15.7523
   80  241    5.3198
   80  270   17.1563
   81  223    8.6114
   81  283   19.3387
   81  291   17.3940
   81  297    8.7798
   82   90    8.5306
   82  110   13.7207
   82  202    8.3423
   82  224    9.7936
   82  264   12.5450
   82  302   10.4230
   83   93   12.4288
   83  117   10.9293
   83  136   13.2174
   83  171    3.5216
   83  179   13.3423
   83  229   15.0529
   83  258    4.2561
   84   99   20.2616
   84  151   12.0345
   84  156   12.8039
   84  205   11.5292
   84  236   20.9477
   84  251   19.0317
   84  261   16.2472
   84  268    9.5162
   84  300    6.4726
   85  105   15.4843
   85  167   18.4593
   85  198   16.9037
   85  212    9.2489
   85  220   19.0271
   85  320   18.9525
   86  119   19.3840
   86  293   10.6363
   87  140    5.0331
   87  143    4.6786
   87  151   12.4264
   87  156    8.6749
   87  272   18.3958
   87  300   13.5083
   88  116   17.1980
   88  174    7.1881
   88  200    8.2441
   88  233   11.7102
   88  282    3.4894
   88  310   19.2996
   89  106   14.1161
   89  210   13.7326
   89  227   18.2599
   89  248   16.3697
   89  294   17.4440
   90  123   13.1996
   90  141   19.8138
   90  202    4.8673
   90  224    4.2606
   90  302   15.3051
   91  101    9.8871
   91  218   15.4502
   91  225   18.9860
   92   94   17.6177
   92  109   11.1744
   92  115   21.2183
   92  135    9.4672
   92  165    6.6392
   92  185   12.9879
   92  211    8.8484
   92  216    6.6648
   92  267   19.1243
   92  288   12.2575
   92  292    7.9102
   93  129    8.3878
   93  136   15.5603
   93  171   15.9386
   93  258   13.0645
   94  109    6.9400
   94  115    6.0919
   94  120   12.2384
   94  128   19.6999
   94  135   19.8456
   94  165   16.5776
   94  185    6.3701
   94  211   14.1957
   94  216   14.5063
   94  267    9.4398
   94  288   17.9902
   94  309   13.2799
   94  311   14.9462
   95  114   15.0089
   95  163   17.0782
   95  208   18.1180
   96  112   18.2758
   96  113    7.4643
   96  150   20.7006
   96  154   18.0954
   96  155    6.3698
   96  157   16.5699
   96  245   14.0790
   97  122   19.9335
   97  146   17.1719
   97  169    3.4792
   97  173   19.0443
   97  177   17.5140
   97  189    7.4786
   97  228    8.2102
   97  237   19.4844
   97  243   12.8479
   97  296    7.3057
   97  306   12.5703
   97  314    8.0147
   97  319   16.9915
   98  107   11.9011
   98  119   11.0338
   98  131   15.1531
   98  183   10.4437
   98  277    9.0327
   98  316   11.8117
   99  205   15.7367
   99  214   12.3125
   99  236   12.3142
   99  246   19.6513
   99  251    6.7251
   99  262   17.4409
   99  274   16.7767
   99  300   19.5458
  100  108   13.3197
  100  138    6.6663
  100  207   16.4523
  100  209   12.9617
  100  263    4.6775
  100  313   13.9892
  101  218    5.6877
  101  244   14.9463
  101  249   11.1207
  101  273   12.0977
  102  124    9.4991
  102  184   11.2139
  102  219   12.2762
  102  257    9.5165
  102  285    7.4148
  102  286   13.9058
  103  194    7.0642
  103  197    6.5490
  103  260   16.4015
  103  280   11.2962
  103  289   13.6826
  104  199    6.8707
  104  226   14.6424
  104  230   15.5522
  104  261   13.7969
  104  268   18.1732
  105  110   16.5421
  105  212    4.8748
  105  302   16.4539
  105  320   11.3042
  106  210    6.6768
  106  248    0.4258
  106  312   15.8973
  107  108   13.6137
  107  119   17.3955
  107  131    5.1170
  107  183   18.3604
  107  252   20.3752
  107  253   15.0177
  107  277    9.7168
  107  316   13.6592
  108  131    7.6295
  108  138   17.4031
  108  263   17.2456
  108  277   14.2871
  109  115   13.2903
  109  120   14.6551
  109  135   18.8759
  109  165    8.8389
  109  185    2.7298
  109  211    6.8874
  109  216    6.4136
  109  267   13.2818
  109  288   18.7802
  109  292   14.4379
  109  309   13.7684
  109  311   19.0082
  110  264   11.2224
  110  302    6.3947
  111  187   14.1030
  111  219   16.5317
  111  231   11.2866
  111  303   20.6544
  112  113    9.4396
  112  154   17.8506
  112  155   10.3256
  112  157    0.6350
  112  245    3.8012
  112  279    7.8207
  112  307   18.4038
  113  154   17.5561
  113  155    1.2884
  113  157   11.1892
  113  245    8.5609
  113  279   18.0959
  114  163    3.6181
  114  208    5.6161
  114  255   10.8472
  115  120   15.3253
  115  128   15.1472
  115  135   18.2403
  115  184   16.7933
  115  185   11.7064
  115  211   18.4323
  115  216   17.2900
  115  219   16.3631
  115  267    4.3747
  115  288   16.9117
  115  309   17.8941
  115  311   18.2606
  116  174   11.0837
  116  180   18.6778
  116  200   14.3843
  116  233   18.6996
  116  240   14.2233
  116  282   15.0377
  116  305   10.4191
  116  310    2.3557
  117  121   14.6400
  117  162   16.7208
  117  171    6.2332
  117  179    4.2674
  117  229   18.3854
  117  258    7.5714
  118  148    7.3460
  118  168   17.5136
  118  198   17.9646
  118  212   18.5942
  119  239   21.5925
  119  252   19.2736
  119  253   14.2124
  119  277   18.5564
  119  290   17.5426
  119  316    4.6272
  120  128   18.9814
  120  185   11.9739
  120  211   17.9771
  120  309    4.8424
  120  311    4.0452
  121  162    7.9361
  121  179   11.5917
  121  226   20.9464
  121  254   13.7700
  121  265   18.6944
  122  149   13.5420
  122  160   20.6637
  122  169   16.9287
  122  173    6.3355
  122  177   16.0226
  122  204   15.0410
  122  206   13.2093
  122  242    9.5031
  122  243   18.6775
  122  259   20.4191
  122  296   12.5051
  123  141    6.5995
  123  186   18.2732
  123  202   11.3232
  123  215   18.1877
  123  224   10.5258
  123  241   10.0041
  124  158   11.7979
  124  184   18.2784
  124  238   20.8520
  124  257    1.4100
  124  285    8.1068
  124  286    7.3285
  124  301   17.3445
  125  128   16.0725
  125  184   18.0353
  125  285   15.9841
  125  318   11.2303
  126  167    3.2151
  126  191   18.4828
  126  198   12.8390
  126  220   12.6092
  127  159    8.1877
  127  187   15.0130
  127  207   15.0520
  127  294   14.7972
  127  303   13.3784
  127  313   17.4749
  128  184    8.6436
  128  267   18.7380
  128  311   17.6477
  128  318    9.2837
  129  269   15.3127
  129  305   18.6151
  130  161   19.3619
  130  190   17.4278
  130  196    5.9194
  130  278   14.3145
  130  298   18.7377
  131  253   18.5758
  131  277   11.0582
  131  316   18.5426
  132  161   13.2357
  132  186   21.6184
  132  190   17.4434
  132  196   15.6882
  133  180   11.8216
  133  221   12.6672
  133  240   13.4528
  133  266   12.7124
  133  272   13.6864
  134  189   18.0312
  134  228   18.8375
  134  319    7.2905
  135  165   14.5215
  135  185   20.0283
  135  211   17.6958
  135  216   15.5612
  135  231   16.4205
  135  267   16.2205
  135  288    3.5531
  135  290   16.9308
  135  292   18.0096
  136  147   17.5238
  136  171   15.7751
  136  229    9.4439
  136  258   15.0849
  137  188   12.3384
  137  192    3.8865
  137  205   10.5965
  137  230   17.4727
  137  236   12.2014
  137  261   15.4815
  137  268   18.2650
  138  159   19.7431
  138  207   10.8470
  138  209   16.8167
  138  263   11.5091
  138  313    8.3518
  139  203   14.2506
  139  284    8.6440
  139  287    9.5929
  139  312   12.9469
  140  143    0.5261
  140  151   15.3617
  140  156    8.8346
  140  246   19.1265
  140  300   15.3012
  141  186   11.1800
  141  202   16.9441
  141  215   10.8659
  141  222   14.5716
  141  224   16.3430
  141  241    3.1086
  141  270   14.7895
  142  298    7.7149
  142  312   12.8159
  143  151   16.2429
  143  156   10.1096
  143  246   20.4888
  143  300   13.9162
  144  145    6.7050
  144  154   11.6498
  144  164    6.2832
  144  191   12.7194
  144  203   18.1740
  144  214   10.1971
  144  274    4.1230
  145  154    7.5749
  145  164   13.4752
  145  191   18.3744
  145  214   16.6328
  145  274   10.7006
  146  169   18.3628
  146  189   19.6748
  146  228   15.4073
  146  237    1.8801
  146  243    9.4832
  146  244   17.6784
  146  273   18.6143
  146  296   17.1228
  146  306   11.4121
  146  314    9.1770
  147  206   18.9606
  147  218   16.3610
  147  229    9.7459
  147  244   13.7925
  147  259   19.8005
  147  273   19.6270
  148  168   11.2046
  148  198   14.7627
  148  275   17.8308
  149  162   18.6342
  149  173   13.7467
  149  206    9.1280
  149  242   16.7997
  149  259    4.5602
  150  168   12.1691
  150  232    4.2798
  150  275   15.0202
  151  156   10.4082
  151  266   18.5872
  151  268   18.2270
  151  272   17.3620
  151  300    7.2738
  152  234    4.0596
  152  247   12.7711
  153  170   16.7457
  153  227    4.3640
  153  254   18.0289
  153  265    9.5769
  154  155   19.5685
  154  157   16.1309
  154  164   18.9886
  154  214   17.3849
  154  245   14.5703
  154  246   19.9844
  154  262   17.7959
  154  274   14.2812
  154  279   16.1341
  155  157   10.4279
  155  245    9.9983
  155  279   19.4070
  156  251   14.3664
  156  300    5.8393
  157  245    3.6140
  157  279    6.3093
  157  307   16.2720
  158  182   19.7975
  158  213   10.7768
  158  257   13.5626
  158  285   17.9894
  158  286    6.6809
  158  301    6.9961
  159  207   13.8768
  159  303    8.2458
  159  313   12.4360
  160  177   13.0959
  160  204    4.1683
  160  209   17.8273
  160  242   12.0139
  160  250    9.2391
  160  308   20.0913
  161  190    3.8317
  161  196   16.8815
  161  320   17.5111
  162  179   12.3102
  162  254   17.8760
  162  259   14.4216
  163  208    9.8314
  163  255    8.1318
  163  315   18.3261
  164  191   12.5401
  164  203   12.1318
  164  214   10.2314
  164  274    4.3976
  165  175   17.6405
  165  185   10.9261
  165  211    4.3790
  165  216    2.6462
  165  288   18.7761
  165  292    6.8386
  166  177   18.7981
  166  304   14.0611
  167  198   12.8470
  167  220    9.0903
  168  198   19.4819
  168  232   10.9384
  168  275    9.6945
  169  173   16.8559
  169  177   12.2175
  169  189   11.5873
  169  228   11.7716
  169  237   19.4855
  169  243   11.5345
  169  296    5.0542
  169  306   14.4936
  169  314   11.0478
  170  254   10.4020
  170  265   13.3940
  171  179   11.5485
  171  229   15.8634
  171  258    2.3027
  172  195    9.3742
  172  289   17.7645
  172  299    4.5877
  172  317    3.1529
  173  177   18.6471
  173  206    8.0498
  173  242   15.8624
  173  243   11.1119
  173  259   15.2110
  173  296   10.5749
  173  314   16.8965
  174  180   18.1938
  174  200    1.8759
  174  217   14.5282
  174  233    5.6512
  174  235   15.7850
  174  282    8.5330
  174  310   14.4448
  175  178    3.9872
  175  211   19.1788
  175  276    6.6839
  175  292   16.4523
  176  293   11.9174
  177  204   11.0542
  177  242   15.6878
  177  250   18.7643
  177  296   15.8903
  177  304   19.4699
  178  276    8.9876
  179  229   20.1730
  179  258   12.4860
  180  200   20.7454
  180  217   12.9888
  180  221   18.6842
  180  233   19.5953
  180  235   18.1898
  180  240   13.1192
  180  266    7.2798
  180  272    8.1427
  180  310   18.3435
  181  291   16.0496
  182  187   12.0154
  183  277    8.8408
  183  281   17.8167
  183  308   12.2333
  184  219   16.5000
  184  257   20.0567
  184  267   18.5978
  184  285   14.0149
  184  318   15.2196
  185  211    8.3281
  185  216    9.8946
  185  267   14.9614
  185  288   21.3659
  185  292   18.7706
  185  309   11.7924
  185  311   17.5028
  186  215    4.3839
  186  222   11.3800
  186  241   10.2017
  186  270   10.4165
  188  192    9.9723
  188  199   18.1543
  188  230    7.4284
  188  261   14.7236
  189  228    5.2406
  189  237   18.4555
  189  243   15.4498
  189  296   15.1377
  189  306   10.2850
  189  314    9.7286
  189  319   10.0985
  190  196   14.4924
  190  220   21.8548
  191  203   17.4326
  191  274   14.1726
  191  275   15.7817
  192  205   13.3527
  192  230   15.6692
  192  236   18.1931
  192  261   15.3585
  193  256    7.3896
  193  276   16.8817
  194  195   13.4669
  194  197    7.2868
  194  201   21.3314
  194  260   19.1727
  194  280   16.9602
  194  289    9.4382
  195  197   16.9954
  195  289   12.3452
  195  299   11.0943
  195  317   12.1854
  196  278   16.6145
  197  201   13.3899
  197  260    9.2371
  197  280   11.7307
  197  289    8.3926
  198  220   18.5704
  198  275   17.3520
  199  226   12.9191
  199  230    8.5132
  199  261   13.8314
  200  217   13.8099
  200  233    3.9458
  200  235   13.6841
  200  282   10.7495
  200  310   16.7406
  201  260    9.2819
  201  280   17.5487
  201  289    9.9856
  201  295   11.8153
  202  224    0.9836
  202  241   18.4519
  202  302   14.6304
  203  214   15.8282
  203  236   18.1188
  203  274   16.4747
  203  284   13.9167
  203  287   11.0253
  204  209   18.7658
  204  242    9.0725
  204  250   12.0973
  205  236    8.9989
  205  261   14.2117
  205  268   15.7786
  205  300   18.4896
  206  243   15.4387
  206  259    9.6122
  206  296   17.8740
  207  294   16.0166
  207  313    4.0348
  208  222   17.1839
  208  255   15.4714
  208  270   19.2547
  209  242   17.8468
  209  263    7.1268
  210  248    8.3012
  211  216    3.0447
  211  267   17.8617
  211  288   19.3177
  211  292   11.1511
  211  309   17.1166
  212  320   12.1211
  213  278   11.5089
  213  286   16.8595
  213  301    5.7811
  214  236   17.4256
  214  251   15.5433
  214  262   19.9854
  214  274    7.2317
  215  222   14.9099
  215  241   12.3513
  215  270   15.2367
  216  267   19.1466
  216  288   16.0174
  216  292    8.4431
  216  309   18.1930
  217  233   10.9962
  217  235    3.1203
  217  266   13.0905
  217  272   14.7982
  218  229   18.2336
  218  244   12.5761
  218  249   11.4880
  218  273   11.2684
  219  231    8.1601
  219  257   20.8977
  219  267   13.6244
  219  288   17.2524
  220  298   17.6953
  221  240   10.8258
  222  241   13.3230
  222  270    1.2328
  223  283   10.1120
  223  291   11.3605
  223  297    1.2646
  224  241   18.3833
  224  302   15.3686
  225  269    6.6267
  225  271    8.0943
  226  254   19.7600
  226  265   16.6834
  227  265   12.7772
  228  237   13.8794
  228  243   12.3958
  228  296   13.6573
  228  306    4.1256
  228  314    5.3938
  228  319   12.6081
  229  258   19.5008
  230  261   12.5389
  231  267   17.6756
  231  288   13.5679
  232  275   15.4996
  233  235   10.5725
  233  282   13.7548
  233  310   20.1680
  234  247   11.1834
  235  266   17.4413
  235  272   19.0564
  236  251   18.7329
  236  284   19.1920
  236  287   16.4672
  237  243   10.1729
  237  244   17.0287
  237  273   19.3753
  237  296   18.7825
  237  306    9.0029
  237  314    9.1924
  238  255   16.3282
  238  278   17.6789
  238  285   19.0868
  238  301   21.1635
  238  315    4.5782
  239  252   19.0643
  239  253   16.5731
  239  290    9.2409
  239  316   17.3545
  240  266   18.4915
  240  305   14.8806
  240  310   14.3150
  241  270   11.8471
  243  296    9.1446
  243  306   11.3153
  243  314    6.9479
  244  249   10.2999
  244  273    7.9107
  245  279    7.5320
  246  251   12.1356
  246  262    2.8737
  246  279   14.7205
  246  307   12.6608
  248  312   16.8600
  249  273    3.3665
  250  304   14.2030
  250  308   11.8718
  251  262   10.5116
  251  300   15.2155
  252  253    5.6507
  252  290    8.3653
  252  316   13.7059
  253  290   10.2574
  253  316    8.1247
  254  265    7.4922
  255  315   12.9029
  256  276   21.4359
  257  285    8.0264
  257  286    6.4038
  257  301   19.3244
  260  280    7.9425
  260  283   18.9329
  260  289   13.5117
  260  295   13.3963
  261  268    8.0406
  262  279   15.0437
  262  307   17.3414
  263  313   19.1225
  264  302   14.0955
  266  272    2.0113
  267  288   11.7953
  268  300   15.7729
  269  271    8.7014
  277  308   17.7365
  277  316   17.9863
  278  301   14.9185
  278  315   18.1875
  279  307   13.8030
  280  283   11.4763
  280  289   16.8388
  280  291   17.5143
  281  304   17.8197
  281  308   18.5454
  282  310   17.0832
  283  291    6.1490
  283  297    8.8351
  284  287    2.8793
  284  312   13.4944
  285  286   14.6988
  286  301   13.5494
  287  312   15.4632
  288  292   21.0878
  289  299   18.1591
  290  316   14.8845
  291  297   10.0892
  296  306   15.6955
  296  314   10.2522
  298  312   17.8956
  299  307   18.5872
  299  317    3.2945
  302  320   17.9009
  303  313   17.8031
  305  310    9.1671
  306  314    5.4141
  306  319   14.1351
  309  311    5.9483
  314  319   18.6262