    1    4   12.5534
    1   24   19.5705
    1   42   15.7572
    1   93   14.6704
    1  129    5.6604
    1  225   19.7107
    1  269   13.0936
    1  271   17.5454
    1  305   18.0892
    2   12   13.7214
    2   99    6.8700
    2  144   15.3077
    2  164   13.6139
    2  203   16.5905
    2  214    4.7839
    2  236   13.6455
    2  251   11.6864
    2  262   18.5160
    2  274   11.7557
    3   16    7.1291
    3   61   11.1137
    3   62    8.7299
    3   70    9.9217
    3   78   15.4555
    3   98    9.7959
    3  107   10.1604
    3  108   12.5031
    3  131   11.5940
    3  183    9.7176
    3  277    1.5288
    3  308   15.3402
    4   24   17.0354
    4   33   17.8370
    4   42    6.5720
    4   93   17.5633
    4  116   18.9789
    4  129   12.6463
    4  240   17.6386
    4  305    7.7305
    4  310   17.2152
    5   19   19.2044
    5  122    9.4683
    5  149    9.8286
    5  173    4.5469
    5  206    3.6895
    5  242   17.3186
    5  243   14.7403
    5  259   12.3655
    5  296   14.9655
    6   17   11.5700
    6   34   17.1961
    6   66   17.1053
    6  126   10.1202
    6  139   15.6188
    6  142   19.0204
    6  167   10.0286
    6  220   11.3096
    6  298   16.1132
    6  312   18.8925
    7   45   19.7981
    7   85    9.2042
    7  105   13.1963
    7  161   15.7205
    7  190   14.3002
    7  212   11.2363
    7  320   10.9278
    8   11   17.5541
    8   46   12.1404
    8   50    7.2809
    8  123   18.7400
    8  141   16.3638
    8  186   15.3677
    8  202   16.0232
    8  215   11.3054
    8  224   16.3325
    8  241   18.8324
    8  302   16.2694
    8  320   11.2042
    9   40   19.0350
    9  114   14.5898
    9  163   18.1088
    9  186   19.8694
    9  208    8.5176
    9  222   11.0537
    9  270   11.7321
   10   14   18.7929
   10   26   16.9648
   10   36   18.1646
   10   38   18.8117
   10   52   19.9659
   10  124   17.4813
   10  158   13.2842
   10  213   12.4269
   10  238   10.3168
   10  257   18.6165
   10  278   11.5623
   10  285   19.9449
   10  286   16.9056
   10  301    9.3042
   10  315   13.3210
   11   46   17.9678
   11   50   10.3225
   11   80    2.9193
   11   90   17.6180
   11  123    5.1464
   11  141    2.2604
   11  186   12.6928
   11  202   15.3749
   11  215   12.9827
   11  222   16.7944
   11  224   14.6046
   11  241    4.3305
   11  270   16.1072
   12   99   14.0534
   12  144   18.7577
   12  145   18.1036
   12  154   13.5209
   12  214   13.5212
   12  246    8.7314
   12  251   10.7107
   12  262    6.1109
   12  274   17.9067
   12  279   16.9044
   13   39   15.6968
   13  201   11.4703
   13  260   11.2610
   13  280   17.9081
   13  295    2.7110
   14   18   12.7513
   14   22   12.3735
   14   25    7.4166
   14   38    2.2995
   14   49   14.8832
   14  102    6.8984
   14  124    4.6482
   14  125   19.4834
   14  158   16.7505
   14  184   16.1091
   14  219   19.8428
   14  238   18.0944
   14  257    5.6906
   14  285    3.1791
   14  286   11.6277
   15   79   18.0450
   15  106   17.1272
   15  137   17.0309
   15  188   18.6071
   15  192   16.1112
   15  248   16.7421
   15  284   13.1127
   15  287   14.8844
   15  312   17.3730
   16   61   16.9757
   16   62   13.0007
   16   70    6.5340
   16   98   15.7532
   16  100   18.7503
   16  107   10.2862
   16  108    5.4319
   16  131    7.9038
   16  183   16.3818
   16  263   19.3132
   16  277    8.0094
   16  308   17.7245
   17   34   14.1448
   17   66   14.0842
   17  139   17.3763
   17  142    7.4511
   17  220   18.1484
   17  298    6.7627
   17  312   11.9558
   18   22   16.7463
   18   25   15.2216
   18   38   15.0469
   18   54   13.7103
   18   60   13.6704
   18  102   14.8458
   18  124   17.2551
   18  125    6.9405
   18  128   18.6400
   18  184   14.7657
   18  238   17.0084
   18  257   18.4329
   18  285    9.6384
   18  315   19.5622
   18  318   16.5437
   19   23   14.4984
   19   64   15.0297
   19  146   15.8659
   19  147   10.5613
   19  206   16.4739
   19  218   17.6441
   19  229   19.8682
   19  237   17.7581
   19  243   18.0391
   19  244    6.6981
   19  249   17.4151
   19  273   14.1608
   20   36   18.2162
   20   49   16.4690
   20   56   18.7924
   20   72   19.2331
   20   77   11.6245
   20  111   13.1258
   20  124   18.9123
   20  158   18.2597
   20  182   13.6041
   20  187    7.2424
   20  257   17.4502
   20  286   14.5858
   21   33    8.3301
   21   37   16.1407
   21   42   19.7229
   21   69   15.9216
   21   74    7.7845
   21  104   17.1180
   21  133   15.6984
   21  221    6.2201
   21  240   16.6272
   22   25    5.2684
   22   38   12.6963
   22   49    9.2164
   22   54   18.4346
   22  102    5.6956
   22  115   18.5075
   22  124   14.8279
   22  128   16.1610
   22  184    6.8306
   22  219   10.0563
   22  231   18.1758
   22  257   14.5133
   22  267   17.9250
   22  285   11.8644
   23   97   18.8720
   23  146    1.6982
   23  169   19.6163
   23  173   19.0811
   23  228   15.1531
   23  237    3.5482
   23  243    8.2325
   23  244   16.3843
   23  273   18.6343
   23  296   16.6159
   23  306   11.4965
   23  314   10.3101
   24   29    9.3493
   24  116   13.1700
   24  282   18.9193
   24  305   12.5674
   24  310   13.5722
   25   38    7.4583
   25   49    8.9783
   25  102    0.5315
   25  124    9.5628
   25  184   10.7958
   25  219   12.7793
   25  257    9.3165
   25  285    7.7637
   25  286   15.4857
   26   47   16.0861
   26  130    9.1658
   26  196    9.1299
   26  238   19.4756
   26  278    8.4149
   26  315   17.7702
   27   31   11.1374
   27  150    0.3778
   27  168   13.3210
   27  232    3.7660
   27  275   16.1138
   28   74   19.0842
   28  104   12.5066
   28  188   17.2366
   28  199    6.0878
   28  226   11.2173
   28  230   10.3393
   28  261   18.6158
   28  265   18.6031
   29   88   15.5233
   29  116   14.7816
   29  174   19.2273
   29  282   12.1622
   29  310   16.4012
   30   35   12.7330
   30   48   11.1157
   30   94   18.4727
   30  109   17.8011
   30  120   10.2019
   30  185   15.2571
   30  211   19.4265
   30  309    5.6521
   30  311    9.0688
   31  118   19.1731
   31  148   14.0127
   31  150   11.2876
   31  168    5.3697
   31  232    7.4266
   31  275   15.0130
   32   44   16.0787
   32   68   16.7398
   32   92    7.1258
   32  109   16.8011
   32  135   14.5067
   32  165    7.9413
   32  185   19.1691
   32  211   12.1534
   32  216   10.1603
   32  239   18.3115
   32  288   17.4647
   32  292    3.1340
   33   42   12.0816
   33   74   14.2505
   33  221    9.4823
   33  240   16.5939
   34   66    0.0913
   34  130   11.7046
   34  142   16.8504
   34  190   18.1055
   34  196   16.0442
   34  220   13.2128
   34  298    9.6936
   35   48    7.7164
   35   92   17.1197
   35   94    6.8349
   35  109    5.6314
   35  115   13.1466
   35  120    9.5442
   35  165   14.0653
   35  185    2.9262
   35  211   10.1817
   35  216   11.7719
   35  267   16.0856
   35  309    8.7546
   35  311   13.0968
   36   52    3.2283
   36   72    6.6243
   36  124   19.1076
   36  158    7.0500
   36  182   13.4938
   36  213   10.6444
   36  257   18.7925
   36  286   12.4460
   36  301    9.1631
   37   69    7.8102
   37   74   16.3954
   37  104   15.9959
   37  133    8.8733
   37  151   17.8980
   37  221   16.0254
   37  261   18.8959
   37  266   19.8190
   37  268   14.0258
   37  272   18.3587
   38   49   13.6832
   38  102    7.0038
   38  124    2.6159
   38  158   15.1666
   38  184   17.2480
   38  219   19.1012
   38  238   19.3265
   38  257    3.4236
   38  285    5.4402
   38  286    9.5844
   38  301   19.8264
   39   63   12.1138
   39   81   19.8257
   39  217   16.7449
   39  223   15.0930
   39  233   19.2803
   39  235   13.7922
   39  283   17.7400
   39  295   17.2754
   39  297   14.7490
   40   60   17.6294
   40   95    7.5272
   40  114    7.3176
   40  163    8.2805
   40  208   11.2250
   40  255   13.9282
   41   79   18.9383
   41   84    3.3325
   41   99   15.8370
   41  151   14.3133
   41  156   13.0859
   41  205   10.9009
   41  236   17.2159
   41  251   16.0625
   41  261   18.8426
   41  268   12.2027
   41  300    7.5615
   42   93   14.4102
   42  129   13.2846
   42  221   17.6620
   42  240   17.6134
   42  305   12.9074
   43   53   14.3949
   43   69   16.6421
   43   71    3.3708
   43   87   19.1586
   43  133   16.4159
   43  151   18.3426
   43  180    8.9273
   43  217   10.4799
   43  233   19.0246
   43  235   13.6478
   43  266    2.8506
   43  272    4.0280
   44   68    5.9335
   44   92   16.8775
   44  135   13.0835
   44  239   10.5794
   44  252   12.0488
   44  253   15.0932
   44  288   15.9446
   44  290    5.5388
   44  292   19.2080
   45   73    5.4491
   45   85   13.1825
   45  105   14.3377
   45  118    8.4304
   45  148   12.1254
   45  198   15.9551
   45  212   10.7743
   46   50   11.4292
   46   80   19.5766
   46   82    8.9836
   46   90    9.6007
   46  110   15.5698
   46  123   15.6227
   46  141   18.3031
   46  202    5.7678
   46  224    6.6188
   46  302    9.4427
   46  320   19.4442
   47  114   18.0689
   47  130   18.5746
   47  132    7.6981
   47  161   18.2622
   47  163   16.3203
   47  196   13.2156
   47  208   19.9516
   47  255   14.4800
   48   94    9.3268
   48  109   12.9294
   48  115   13.7602
   48  120    2.1768
   48  128   17.7248
   48  185   10.4177
   48  211   17.8848
   48  216   19.4212
   48  267   18.1410
   48  309    5.4684
   48  311    6.3186
   49   77   12.3333
   49  102    9.4057
   49  111   15.8545
   49  124   14.3959
   49  184   15.8838
   49  219    6.3644
   49  231   11.8204
   49  257   13.2193
   49  285   16.3217
   49  286   17.0941
   50   80   13.0433
   50   90   16.6893
   50  123   11.6667
   50  141    9.3473
   50  186   12.0370
   50  202   12.5372
   50  215    9.0100
   50  224   12.4075
   50  241   12.1291
   50  302   19.1483
   50  320   18.4850
   51   58    4.3994
   51   64   13.6908
   51   76   11.8335
   51  244   19.3464
   51  249   10.5171
   51  273   12.2858
   52   72    4.3840
   52  158   10.1051
   52  182   13.0644
   52  210   19.6595
   52  213   10.4672
   52  286   15.6690
   52  301   10.6749
   53   69   15.1511
   53   71   17.6173
   53  116   14.2642
   53  133   14.0894
   53  174   16.3979
   53  180    5.7176
   53  200   17.2031
   53  217   17.1478
   53  221   17.7568
   53  233   17.2694
   53  235   19.6621
   53  240    8.9832
   53  266   12.7240
   53  272   13.9850
   53  305   18.8287
   53  310   13.2958
   54  125    9.6805
   54  128    7.3656
   54  184   12.0153
   54  318    3.6204
   55  176    1.5911
   55  293   11.9126
   56   75   19.2185
   56  127    9.9233
   56  159   18.4780
   56  182   11.3007
   56  187   12.8109
   56  294   12.4337
   57   62   14.6977
   57   78   13.9667
   57  160   15.3325
   57  183   18.5969
   57  204   19.7750
   57  250    6.8140
   57  281   15.6178
   57  304   15.0975
   57  308    8.1983
   58   64   15.8158
   58   76   11.8303
   58  249   12.5167
   58  273   15.0182
   59   64    9.3574
   59   91   12.5675
   59  101    1.8856
   59  218    3.4813
   59  244   14.5799
   59  249   11.1424
   59  273   11.9516
   60   95   17.9734
   60  125   10.9427
   60  238   18.1416
   60  255   18.4279
   60  315   17.3019
   61   62   16.7268
   61   78   18.3625
   61   86   19.9069
   61   98    1.3226
   61  107   11.5175
   61  119   10.1543
   61  131   16.5947
   61  183   12.2076
   61  253   19.5977
   61  277    9.6504
   61  316   11.8771
   62   70   10.5556
   62   78    8.8376
   62   98   15.5259
   62  107   18.8903
   62  108   17.9754
   62  131   19.7218
   62  183    6.8195
   62  250   19.8842
   62  277    9.7832
   62  281   19.8852
   62  308    7.0638
   63   81   16.3703
   63   88   14.5544
   63  174   14.5693
   63  200   12.6966
   63  217   15.5903
   63  223   17.4274
   63  233   10.6591
   63  235   12.6333
   63  282   17.9265
   63  297   17.9818
   64  101   10.7974
   64  147   19.3220
   64  218    8.8591
   64  244    8.3508
   64  249    3.3000
   64  273    2.5945
   65   97   11.9626
   65  134   15.6170
   65  166   16.8049
   65  169   14.8176
   65  189    5.9400
   65  228   11.0318
   65  296   19.5878
   65  306   15.0038
   65  314   16.4917
   65  319    9.6639
   66  130   11.7959
   66  142   16.8260
   66  190   18.1399
   66  196   16.1321
   66  220   13.1378
   66  298    9.6680
   67   76   14.8284
   67  152   12.7589
   67  234   13.1925
   67  247    1.1411
   68   92   19.7751
   68  135   18.2437
   68  239    4.6531
   68  252   14.1597
   68  253   14.9519
   68  290    5.7765
   68  292   19.6415
   68  316   18.9270
   69   71   17.7165
   69   74   19.5739
   69  133    1.1635
   69  151   19.2957
   69  180   12.7842
   69  221   12.8014
   69  240   14.8585
   69  266   13.8294
   69  272   12.8772
   70   78   19.3797
   70   98   19.7135
   70  100   16.7381
   70  107   16.6164
   70  108    9.0651
   70  131   14.3336
   70  183   16.2405
   70  209   16.0673
   70  263   15.6548
   70  277   11.3811
   70  308   12.8295
   71   87   15.7880
   71  133   17.7039
   71  151   15.7578
   71  180   12.0206
   71  217   12.2125
   71  235   15.1328
   71  266    5.1567
   71  272    5.0203
   72  158   13.5973
   72  182    9.4994
   72  210   16.9743
   72  213   14.5696
   72  286   18.1035
   72  301   15.0436
   73   85   17.4040
   73  105   13.4055
   73  118    7.8361
   73  148   14.1687
   73  212   11.5937
   74  104   10.2039
   74  133   19.7959
   74  199   16.0100
   74  221   13.6973
   74  226   15.5812
   75   89    5.7409
   75  106   15.3298
   75  210   10.2237
   75  248   15.7123
   75  294   16.4389
   76  247   14.9617
   77  111    3.5996
   77  187   13.7727
   77  219   13.6526
   77  231    9.5936
   78   98   17.5886
   78  183    6.5085
   78  277   15.8297
   78  281   11.6876
   78  308   10.7673
   79  137    4.8716
   79  188   18.4816
   79  192    8.4716
   79  205    8.0517
   79  236    8.5940
   79  261   18.5204
   79  284   18.8605
   79  287   17.4277
   80   90   17.7754
   80  123    4.6895
   80  141    4.9490
   80  186   15.0993
   80  202   16.2258
   80  215   15.7627
   80  222   17.7117
   80  224   15.3525
   80  241    5.6232
   80  270   16.8865
   81  223    8.4373
   81  283   18.9599
   81  291   17.5753
   81  297    9.6791
   82   90    8.5071
   82  110   13.9787
   82  202    9.0518
   82  224    9.8729
   82  264   12.6695
   82  302   10.3175
   83   93   11.7133
   83  117   10.5072
   83  136   12.3016
   83  171    3.8681
   83  179   14.1348
   83  229   15.1754
   83  258    3.8986
   84   99   19.1507
   84  151   12.1514
   84  156   13.2452
   84  205   12.6441
   84  236   19.9848
   84  251   19.0058
   84  261   17.2845
   84  268    9.6569
   84  300    6.9319
   85  105   14.7422
   85  167   18.9585
   85  198   15.5313
   85  212   10.2375
   85  220   17.8523
   85  320   18.4845
   86  119   19.2349
   86  293   10.3255
   87  140    4.8149
   87  143    5.0915
   87  151   11.5539
   87  156    9.6081
   87  272   19.1851
   87  300   14.4323
   88  116   15.8469
   88  174    7.8676
   88  200    8.1125
   88  233   11.3976
   88  282    3.3869
   88  310   17.9878
   89  106   15.4920
   89  210   12.9142
   89  227   18.1548
   89  248   15.7572
   89  294   18.5086
   90  123   13.0863
   90  141   19.0425
   90  202    4.4601
   90  224    4.3083
   90  302   16.6889
   91  101   10.8475
   91  218   15.0603
   91  225   17.9243
   92   94   16.9689
   92  109   11.5312
   92  115   19.4777
   92  135    9.4292
   92  165    6.0868
   92  185   14.1988
   92  211    9.3991
   92  216    6.3173
   92  267   17.6612
   92  288   11.6018
   92  292    8.2475
   93  129    9.0155
   93  136   14.5480
   93  171   15.0795
   93  258   13.6921
   94  109    7.3395
   94  115    6.3180
   94  120   11.4816
   94  128   18.5074
   94  135   19.5689
   94  165   16.3428
   94  185    6.6549
   94  211   13.6520
   94  216   13.6948
   94  267    9.5514
   94  288   18.1858
   94  309   13.3718
   94  311   15.6373
   95  114   14.5003
   95  163   15.8024
   95  208   16.7495
   96  112   17.4148
   96  113    7.8398
   96  150   19.9442
   96  154   19.5338
   96  155    6.8885
   96  157   17.6618
   96  245   15.1526
   97  122   19.6002
   97  146   18.7738
   97  169    3.2685
   97  173   18.2315
   97  177   16.1394
   97  189    7.4896
   97  228    7.9635
   97  237   18.0742
   97  243   12.7497
   97  296    7.6384
   97  306   11.4777
   97  314    8.8338
   97  319   17.6032
   98  107   10.8725
   98  119   11.3399
   98  131   15.7545
   98  183   11.3005
   98  277    8.3393
   98  316   12.7405
   99  205   16.2834
   99  214   11.4058
   99  236   12.3151
   99  246   19.2084
   99  251    6.6151
   99  262   16.7757
   99  274   18.5201
   99  300   19.4374
  100  108   14.6949
  100  138    6.2570
  100  207   16.9963
  100  209   12.1212
  100  263    4.9277
  100  313   13.7648
  101  218    5.2299
  101  244   16.4325
  101  249   12.2098
  101  273   13.3806
  102  124    9.1664
  102  184   10.9970
  102  219   13.3031
  102  257    8.9842
  102  285    7.2440
  102  286   15.2135
  103  194    7.7301
  103  197    7.0632
  103  260   15.5056
  103  280   12.2988
  103  289   14.4396
  104  199    7.2420
  104  226   15.8990
  104  230   14.5121
  104  261   13.2709
  104  268   17.3616
  105  110   16.0586
  105  212    4.8590
  105  302   17.0458
  105  320   10.9499
  106  210    7.2298
  106  248    0.4581
  106  312   17.5865
  107  108   12.4570
  107  119   15.8997
  107  131    5.5333
  107  183   18.4809
  107  252   19.7561
  107  253   15.6755
  107  277    9.2461
  107  316   13.5023
  108  131    7.7413
  108  138   18.2529
  108  263   16.4127
  108  277   13.2328
  109  115   12.7096
  109  120   14.9333
  109  135   17.3545
  109  165    9.2935
  109  185    2.7118
  109  211    6.3132
  109  216    6.7260
  109  267   13.9806
  109  288   17.3004
  109  292   15.8013
  109  309   14.3439
  109  311   18.6663
  110  264   11.9304
  110  302    6.2255
  111  187   13.3088
  111  219   16.5261
  111  231   10.9561
  111  303   19.5001
  112  113    9.9714
  112  154   17.4977
  112  155   11.1931
  112  157    0.6330
  112  245    3.5606
  112  279    7.2137
  112  307   18.4103
  113  154   18.3733
  113  155    1.2502
  113  157   10.3273
  113  245    8.5441
  113  279   16.5284
  114  163    3.8512
  114  208    6.0896
  114  255   11.3054
  115  120   15.6495
  115  128   15.3911
  115  135   18.9550
  115  184   16.1666
  115  185   12.7469
  115  211   18.8004
  115  216   18.0285
  115  219   17.0219
  115  267    4.7494
  115  288   16.6002
  115  309   18.7070
  115  311   19.6131
  116  174   12.3134
  116  180   19.5228
  116  200   14.2396
  116  233   17.4083
  116  240   15.6566
  116  282   13.9116
  116  305   11.2494
  116  310    2.2083
  117  121   13.8101
  117  162   15.4311
  117  171    6.7207
  117  179    4.2633
  117  229   18.7416
  117  258    8.1002
  118  148    7.2372
  118  168   17.1493
  118  198   19.0527
  118  212   18.5204
  119  239   19.6682
  119  252   19.3126
  119  253   13.6792
  119  277   18.8911
  119  290   19.3423
  119  316    4.8272
  120  128   17.9021
  120  185   12.3532
  120  211   19.6114
  120  309    4.8317
  120  311    4.1559
  121  162    7.5734
  121  179   11.5347
  121  226   19.7439
  121  254   12.9493
  121  265   19.9323
  122  149   14.6441
  122  160   19.4171
  122  169   16.4744
  122  173    7.0144
  122  177   14.8469
  122  204   14.9949
  122  206   13.0927
  122  242    9.3050
  122  243   17.7529
  122  259   19.0642
  122  296   12.8051
  123  141    7.1974
  123  186   17.4567
  123  202   11.7169
  123  215   17.0305
  123  224   10.8030
  123  241    9.3879
  124  158   12.6140
  124  184   19.7411
  124  238   19.3796
  124  257    1.5514
  124  285    7.8149
  124  286    7.0012
  124  301   17.5653
  125  128   16.4683
  125  184   16.4566
  125  285   16.3137
  125  318   11.3663
  126  167    3.4521
  126  191   19.1490
  126  198   13.3349
  126  220   11.6871
  127  159    8.6240
  127  187   15.6038
  127  207   15.3314
  127  294   14.2062
  127  303   14.4051
  127  313   16.2668
  128  184    9.4298
  128  267   18.8825
  128  311   19.4770
  128  318    8.8362
  129  269   14.7237
  129  305   19.7424
  130  161   18.6894
  130  190   17.2304
  130  196    5.5314
  130  278   14.1488
  130  298   17.3441
  131  253   18.8797
  131  277   11.3811
  131  316   18.5835
  132  161   13.9148
  132  186   19.9095
  132  190   17.5602
  132  196   16.5000
  133  180   11.9865
  133  221   12.1741
  133  240   13.7208
  133  266   13.5763
  133  272   12.7761
  134  189   17.7326
  134  228   19.3261
  134  319    7.7202
  135  165   15.3862
  135  185   19.9396
  135  211   17.9346
  135  216   14.8448
  135  231   17.9638
  135  267   15.1669
  135  288    3.4297
  135  290   18.2575
  135  292   16.8050
  136  147   18.6430
  136  171   15.4435
  136  229    9.3633
  136  258   16.1774
  137  188   13.6921
  137  192    3.6863
  137  205   10.0635
  137  230   17.7530
  137  236   13.3881
  137  261   15.2205
  137  268   19.5383
  138  159   18.8799
  138  207   10.7731
  138  209   17.6904
  138  263   10.6231
  138  313    7.9417
  139  203   13.2268
  139  284    9.4599
  139  287   10.2411
  139  312   12.3608
  140  143    0.5062
  140  151   14.5553
  140  156    8.8312
  140  246   19.4158
  140  300   14.9682
  141  186   10.4374
  141  202   16.3844
  141  215   10.8149
  141  222   15.1825
  141  224   15.7025
  141  241    3.1840
  141  270   14.5919
  142  298    7.1595
  142  312   11.9932
  143  151   15.0431
  143  156    9.2936
  143  246   19.2729
  143  300   15.4577
  144  145    7.4449
  144  154   12.6975
  144  164    6.5990
  144  191   14.0614
  144  203   18.4542
  144  214   10.5319
  144  274    4.0891
  145  154    6.9799
  145  164   14.0410
  145  191   18.9894
  145  214   15.5172
  145  274   11.0533
  146  169   19.7956
  146  189   19.6441
  146  228   14.3815
  146  237    1.9247
  146  243    9.1261
  146  244   17.2375
  146  273   18.8008
  146  296   17.2136
  146  306   10.4704
  146  314   10.0109
  147  206   19.8340
  147  218   16.5362
  147  229    9.5781
  147  244   12.8240
  147  259   19.9236
  147  273   19.8758
  148  168   10.6789
  148  198   14.8581
  148  275   16.6306
  149  162   18.7598
  149  173   13.7519
  149  206    9.1510
  149  242   17.7606
  149  259    4.9723
  150  168   13.3218
  150  232    3.9714
  150  275   15.8670
  151  156    9.7062
  151  266   17.8320
  151  268   16.9623
  151  272   15.9636
  151  300    7.8387
  152  234    4.1476
  152  247   11.6513
  153  170   16.2744
  153  227    4.0434
  153  254   18.0932
  153  265   10.6078
  154  155   19.0991
  154  157   17.0477
  154  164   18.8849
  154  214   16.6363
  154  245   14.2639
  154  246   19.6373
  154  262   18.0360
  154  274   15.0513
  154  279   16.3667
  155  157   11.5604
  155  245    9.7853
  155  279   17.7786
  156  251   15.6311
  156  300    6.4372
  157  245    3.3548
  157  279    6.6457
  157  307   18.0443
  158  182   18.6244
  158  213   11.6117
  158  257   12.6049
  158  285   19.5734
  158  286    6.8839
  158  301    6.8677
  159  207   13.6444
  159  303    7.9783
  159  313   12.0784
  160  177   13.2728
  160  204    4.4919
  160  209   16.9722
  160  242   12.6681
  160  250    8.9692
  160  308   18.7511
  161  190    4.1791
  161  196   15.4251
  161  320   19.3217
  162  179   11.5364
  162  254   16.7513
  162  259   15.8484
  163  208    9.7420
  163  255    7.4697
  163  315   19.0046
  164  191   11.8159
  164  203   11.8907
  164  214    9.6712
  164  274    4.1493
  165  175   19.3870
  165  185   11.4213
  165  211    4.2486
  165  216    2.6517
  165  288   17.1539
  165  292    6.5148
  166  177   18.5464
  166  304   14.6501
  167  198   13.5058
  167  220    8.4380
  168  198   19.6915
  168  232   10.2882
  168  275   10.5413
  169  173   15.7249
  169  177   13.4922
  169  189   10.7306
  169  228   10.8998
  169  237   19.3920
  169  243   12.4827
  169  296    5.4023
  169  306   13.9198
  169  314   10.3611
  170  254   11.4690
  170  265   12.7372
  171  179   10.5811
  171  229   16.3781
  171  258    2.2407
  172  195    9.6781
  172  289   18.8324
  172  299    4.3393
  172  317    3.0182
  173  177   19.5100
  173  206    7.9192
  173  242   16.1171
  173  243   12.0990
  173  259   16.8113
  173  296   10.5937
  173  314   17.6806
  174  180   18.7962
  174  200    1.9592
  174  217   15.5518
  174  233    5.7674
  174  235   15.1848
  174  282    9.0706
  174  310   13.9798
  175  178    4.0331
  175  211   19.4381
  175  276    7.1482
  175  292   17.5278
  176  293   11.6462
  177  204   11.5896
  177  242   15.5027
  177  250   17.2314
  177  296   15.2367
  177  304   18.7962
  178  276    8.2313
  179  229   19.1201
  179  258   12.2227
  180  200   19.0395
  180  217   14.2432
  180  221   19.5904
  180  233   17.8571
  180  235   17.2506
  180  240   13.1842
  180  266    7.0256
  180  272    8.2802
  180  310   18.7940
  181  291   17.0260
  182  187   12.3035
  183  277    9.7588
  183  281   17.9159
  183  308   12.6550
  184  219   15.0662
  184  257   19.8368
  184  267   17.3931
  184  285   14.2775
  184  318   15.3361
  185  211    7.8179
  185  216    9.0095
  185  267   14.8901
  185  288   19.6905
  185  292   17.9142
  185  309   11.6355
  185  311   16.0024
  186  215    4.1167
  186  222   10.4220
  186  241    9.9116
  186  270   10.6736
  188  192   10.0193
  188  199   16.7726
  188  230    8.2266
  188  261   15.8090
  189  228    5.2706
  189  237   18.2982
  189  243   16.9418
  189  296   14.6739
  189  306    9.5414
  189  314   10.5524
  189  319   10.2258
  190  196   15.1587
  190  220   19.9215
  191  203   17.0615
  191  274   14.9068
  191  275   17.0332
  192  205   13.2336
  192  230   14.7052
  192  236   17.0443
  192  261   14.3986
  193  256    7.8551
  193  276   16.7330
  194  195   12.5275
  194  197    7.8844
  194  201   19.9123
  194  260   17.7532
  194  280   17.9745
  194  289   10.3105
  195  197   17.0835
  195  289   11.5699
  195  299   11.1626
  195  317   12.3992
  196  278   16.6054
  197  201   14.4742
  197  260    9.9704
  197  280   10.9215
  197  289    8.2233
  198  220   19.4850
  198  275   16.1721
  199  226   14.1715
  199  230    8.5857
  199  261   13.2428
  200  217   14.2693
  200  233    4.0253
  200  235   13.6107
  200  282    9.9639
  200  310   15.8578
  201  260   10.1567
  201  280   18.3610
  201  289   10.2325
  201  295   11.0122
  202  224    0.9996
  202  241   19.4645
  202  302   14.3502
  203  214   15.8937
  203  236   16.7812
  203  274   15.1569
  203  284   13.0848
  203  287   10.5831
  204  209   17.8953
  204  242    8.4009
  204  250   13.2494
  205  236    9.3042
  205  261   15.7755
  205  268   14.8069
  205  300   18.4622
  206  243   15.8633
  206  259   10.1681
  206  296   17.7503
  207  294   16.7206
  207  313    4.4160
  208  222   18.7394
  208  255   16.9332
  208  270   19.6084
  209  242   19.3006
  209  263    7.2090
  210  248    7.6878
  211  216    3.1365
  211  267   19.3301
  211  288   19.0543
  211  292   10.3731
  211  309   17.6512
  212  320   13.3436
  213  278   12.3955
  213  286   18.4193
  213  301    5.5157
  214  236   17.5784
  214  251   15.0373
  214  262   19.2195
  214  274    7.1300
  215  222   14.5358
  215  241   11.4837
  215  270   14.7575
  216  267   17.8094
  216  288   16.1222
  216  292    9.0955
  216  309   19.9130
  217  233   10.5444
  217  235    3.2449
  217  266   12.6572
  217  272   14.3605
  218  229   18.1210
  218  244   12.0574
  218  249   11.4769
  218  273   11.2955
  219  231    8.1636
  219  257   19.2217
  219  267   13.9329
  219  288   18.6830
  220  298   18.6642
  221  240   10.4398
  222  241   12.4764
  222  270    1.1268
  223  283   10.7229
  223  291   10.7982
  223  297    1.2437
  224  241   18.7472
  224  302   15.3378
  225  269    6.6325
  225  271    7.8565
  226  254   18.8416
  226  265   17.3715
  227  265   13.9197
  228  237   13.0300
  228  243   12.6757
  228  296   12.9445
  228  306    4.4083
  228  314    5.8509
  228  319   11.6630
  229  258   18.1358
  230  261   11.3994
  231  267   16.4753
  231  288   14.9529
  232  275   15.3623
  233  235    9.6155
  233  282   13.7246
  233  310   18.7662
  234  247   12.2351
  235  266   15.8917
  235  272   17.5709
  236  251   18.4952
  236  284   19.4588
  236  287   17.0191
  237  243    9.7428
  237  244   18.8635
  237  273   19.8759
  237  296   17.3185
  237  306    8.9200
  237  314    9.2407
  238  255   16.3395
  238  278   18.3812
  238  285   17.5082
  238  301   19.3027
  238  315    4.5659
  239  252   17.3546
  239  253   16.7208
  239  290    9.3796
  239  316   18.4105
  240  266   19.7001
  240  305   13.9521
  240  310   13.6943
  241  270   11.7770
  243  296    8.5799
  243  306   11.2885
  243  314    6.8764
  244  249   10.9265
  244  273    7.7742
  245  279    8.1115
  246  251   13.3293
  246  262    2.7720
  246  279   14.4077
  246  307   13.4129
  248  312   17.1821
  249  273    3.2813
  250  304   14.0476
  250  308   12.8272
  251  262   11.2564
  251  300   16.9023
  252  253    5.7448
  252  290    8.3846
  252  316   14.7064
  253  290    9.9262
  253  316    8.9916
  254  265    8.1090
  255  315   11.8329
  256  276   19.5731
  257  285    8.8574
  257  286    6.4116
  257  301   18.0174
  260  280    8.3730
  260  283   17.7464
  260  289   12.7142
  260  295   13.0594
  261  268    8.9296
  262  279   15.4145
  262  307   16.0438
  263  313   18.4568
  264  302   14.4456
  266  272    1.9596
  267  288   12.4337
  268  300   15.5508
  269  271    7.9367
  277  308   16.5772
  277  316   18.8006
  278  301   14.3932
  278  315   18.7187
  279  307   12.5781
  280  283   12.5178
  280  289   17.7239
  280  291   16.4876
  281  304   19.4351
  281  308   18.4302
  282  310   16.1143
  283  291    5.8687
  283  297    9.5172
  284  287    2.9155
  284  312   13.9107
  285  286   14.7623
  286  301   13.3166
  287  312   16.6421
  288  292   19.5065
  289  299   17.6639
  290  316   15.9604
  291  297    9.9579
  296  306   14.4483
  296  314    9.7028
  298  312   17.2548
  299  307   18.7136
  299  317    3.4604
  302  320   17.6563
  303  313   18.7449
  305  310    9.5108
  306  314    5.0031
  306  319   13.1240
  309  311    5.6174
  314  319   17.1645