    1   17.8977  106.2282    1
    2   88.4522   43.1223    1
    3  116.7474  169.6965    1
    4   25.6446   96.3504    1
    5   58.7169  157.5082    1
    6  129.9749   50.8492    1
    7  158.1535   34.7733    1
    8  179.2871   30.6946    1
    9  197.4612   60.6438    1
   10  158.5115   90.1093    1
   11  196.7114   32.8254    1
   12   79.7605   32.5048    1
   13   32.0705   30.7106    1
   14  164.4605  107.9358    1
   15  104.7398   74.5080    1
   16  114.9813  162.7896    1
   17  131.4193   62.3286    1
   18  176.9411  105.3225    1
   19   39.7566  154.4565    1
   20  143.6027  117.2557    1
   21   49.3941   89.9023    1
   22  168.3337  119.6875    1
   23   41.7215  168.8211    1
   24   10.8022   87.9893    1
   25  165.4352  115.2881    1
   26  159.6727   73.1843    1
   27  113.5815    5.0907    1
   28   75.7256   95.2473    1
   29    5.1275   80.5592    1
   30  198.8319  146.3496    1
   31  124.7189    5.0928    1
   32  171.6149  161.9245    1
   33   43.4718   95.7603         0
   34  145.1511   58.9354         0
   35  186.1271  145.5014         0
   36  142.7060   99.0616         0
   37   55.7076   75.0476         0
   38  162.2438  108.5470         0
   39   20.8050   41.6412         0
   40  193.5344   79.2693         0
   41   71.7217   58.0381         0
   42   31.7647   98.7452         0
   43   39.2761   59.8497         0
   44  155.6642  159.8995         0
   45  147.1081   18.3427         0
   46  184.4392   19.7017         0
   47  173.5306   65.0160         0
   48  190.4166  139.0872         0
   49  159.3944  121.9302         0
   50  186.5641   30.9316         0
   51   19.9028  169.0761         0
   52  139.9298   97.4140         0
   53   32.8672   72.7392         0
   54  186.2581  115.3807         0
   55  153.4185  191.1297         0
   56  124.8375  116.2457         0
   57   96.0096  180.3846         0
   58   15.5035  169.0720         0
   59   20.1091  148.2342         0
   60  186.2754   95.3349         0
   61  126.2156  175.5162         0
   62  109.5147  174.5852         0
   63   14.4797   51.9725         0
   64   24.8412  156.3070         0
   65   54.4144  191.7221         0
   66  145.0758   58.8838         0
   67   14.0070  195.0649         0
   68  155.3355  165.8238         0
   69   47.9620   74.0453         0
   70  108.5743  164.0715         0
   71   41.6752   57.4818         0
   72  136.0995   99.5466         0
   73  150.2446   13.8868         0
   74   57.0354   91.3892         0
   75  115.1821   99.6287         0
   76   17.6840  180.6997         0
   77  148.5372  127.7809         0
   78  109.6421  183.4219         0
   79   89.1917   65.3495         0
   80  199.5507   32.1469         0
   81    1.0062   42.6745         0
   82  186.0316   10.8603         0
   83   40.2129  120.1581         0
   84   69.2080   60.2261         0
   85  149.6378   31.2802         0
   86  132.8927  194.2699         0
   87   53.0559   46.5392         0
   88    9.9925   65.8179         0
   89  109.8497   97.5017         0
   90  193.1098   15.5795         0
   91   10.2295  140.4666         0
   92  171.7529  154.8001         0
   93   30.8453  113.1261         0
   94  181.2353  140.7279         0
   95  199.7785   83.4729         0
   96   93.5585    3.8178         0
   97   56.9096  180.0226         0
   98  125.0371  174.9158         0
   99   82.3687   46.3141         0
  100  103.1639  148.2320         0
  101   18.2948  147.7204         0
  102  165.4798  114.7585         0
  103   22.6773    5.6571         0
  104   66.2739   87.0568         0
  105  161.0006   21.8878         0
  106  118.5277   84.6684         0
  107  125.1907  164.0444         0
  108  114.6749  157.3664         0
  109  181.1138  148.0664         0
  110  172.0662   10.2503         0
  111  145.8590  130.1861         0
  112   77.3076   10.0774         0
  113   85.7837    4.8255         0
  114  189.7313   73.0176         0
  115  176.9977  136.0417         0
  116   19.7376   78.3142         0
  117   50.4748  122.4154         0
  118  142.9578   11.0046         0
  119  136.3686  175.3517         0
  120  192.4727  138.3721         0
  121   64.2848  122.3815         0
  122   66.4855  162.9208         0
  123  197.8016   27.7958         0
  124  159.8292  107.5409         0
  125  183.8480  106.0050         0
  126  130.3340   40.7354         0
  127  122.4549  125.8787         0
  128  184.2536  122.4683         0
  129   22.9834  108.7135         0
  130  154.9586   65.3238         0
  131  122.1359  159.4308         0
  132  175.5132   57.5776         0
  133   46.8572   74.4103         0
  134   40.8282  199.4230         0
  135  163.8345  149.6807         0
  136   30.4706  127.6692         0
  137   88.2800   70.1350         0
  138  104.6042  142.1431         0
  139  115.2330   56.0090         0
  140   56.0213   42.7458         0
  141  195.2007   34.5069         0
  142  132.2179   69.7368         0
  143   55.8371   42.2744         0
  144   98.4949   31.5694         0
  145   96.0215   24.5473         0
  146   40.8591  170.2841         0
  147   39.6500  143.8958         0
  148  136.0887   13.2833         0
  149   63.0487  148.6857         0
  150  113.4367    5.4397         0
  151   57.4310   57.2327         0
  152    1.2713  195.8348         0
  153   91.5725  108.7510         0
  154   89.2462   22.8696         0
  155   86.6712    3.9449         0
  156   62.3746   48.8798         0
  157   77.2972   10.7104         0
  158  149.6878  100.0398         0
  159  121.8600  134.4822         0
  160   84.4328  170.3316         0
  161  164.4049   49.1973         0
  162   63.9429  129.9472         0
  163  186.4344   75.0082         0
  164  100.9393   37.6990         0
  165  177.5517  156.6502         0
  166   70.9169  194.8959         0
  167  133.6922   41.5350         0
  168  125.8212   10.3482         0
  169   59.2120  177.7026         0
  170   87.1163  124.4034         0
  171   44.0756  120.3612         0
  172   51.8662    0.3317         0
  173   59.5344  161.9810         0
  174   17.8533   66.1458         0
  175  189.4617  171.9475         0
  176  153.8229  192.6686         0
  177   72.6441  176.4301         0
  178  193.4828  171.6359         0
  179   53.2288  125.6698         0
  180   36.5208   68.3411         0
  181    0.2002    9.4758         0
  182  133.1319  108.5705         0
  183  114.5665  179.1662         0
  184  175.1580  119.9802         0
  185  183.5867  146.9535         0
  186  188.8081   42.7576         0
  187  137.0073  120.2477         0
  188   88.6320   83.8226         0
  189   52.5212  186.0919         0
  190  160.2349   48.9211         0
  191  112.2754   34.3660         0
  192   88.6441   73.8033         0
  193  181.3547  193.4253         0
  194   29.8036    2.6620         0
  195   42.2036    0.8791         0
  196  160.3483   64.0794         0
  197   27.9729   10.3309         0
  198  134.4461   28.0503         0
  199   72.9682   89.8197         0
  200   17.9397   64.1885         0
  201   37.9211   20.8445         0
  202  190.1536   18.9192         0
  203  103.8815   49.2199         0
  204   80.5948  167.9977         0
  205   81.6309   62.5808         0
  206   56.2272  154.7854         0
  207  108.4302  132.0722         0
  208  193.2505   68.0479         0
  209   94.3659  156.5697         0
  210  121.2198   91.3783         0
  211  181.1426  154.3795         0
  212  156.4774   23.6626         0
  213  146.1356   88.9848         0
  214   91.4125   39.3643         0
  215  185.8333   39.9119         0
  216  178.0245  154.0410         0
  217   29.5639   55.9125         0
  218   23.5218  147.5467         0
  219  162.1891  127.6482         0
  220  140.4506   46.5870         0
  221   44.3124   86.3154         0
  222  196.6521   49.6198         0
  223    6.6501   36.4029         0
  224  191.0493   19.3631         0
  225    7.2206  122.7967         0
  226   67.5298  102.9061         0
  227   93.3763  105.1322         0
  228   49.1962  182.0024         0
  229   36.4639  134.8631         0
  230   80.7617   86.2174         0
  231  156.3480  133.3513         0
  232  117.3109    4.5669         0
  233   20.2813   60.9144         0
  234    1.7539  199.9543         0
  235   26.9511   53.9882         0
  236   88.8901   56.7608         0
  237   40.6190  172.1937         0
  238  168.8248   90.3756         0
  239  155.4229  170.4761         0
  240   35.0778   81.4462         0
  241  196.9794   37.1477         0
  242   75.6334  161.2183         0
  243   49.9371  169.3484         0
  244   33.0735  154.9050         0
  245   80.5397   11.5710         0
  246   71.2242   30.6692         0
  247   12.8826  194.8701         0
  248  118.3618   84.2415         0
  249   22.9471  159.0092         0
  250   89.8432  177.4852         0
  251   76.7706   42.7897         0
  252  143.8474  157.5460         0
  253  140.7801  162.4033         0
  254   76.8565  119.2774         0
  255  179.6521   78.1384         0
  256  174.0668  190.4945         0
  257  158.8247  108.7232         0
  258   43.5713  118.1780         0
  259   59.5328  145.1697         0
  260   27.7790   20.2994         0
  261   74.5337   76.6697         0
  262   73.6732   31.9679         0
  263   99.3865  151.3965         0
  264  178.8403    0.4296         0
  265   81.7831  112.8366         0
  266   40.3870   62.4750         0
  267  172.3794  137.1499         0
  268   68.7435   69.8718         0
  269   11.1162  117.4288         0
  270  197.5288   48.9119         0
  271    3.3126  115.9811         0
  272   42.3465   62.4569         0
  273   26.1920  158.5221         0
  274   97.4127   35.5127         0
  275  120.6856   19.5540         0
  276  189.9655  179.0779         0
  277  118.2175  170.1161         0
  278  154.0481   79.4432         0
  279   74.1444   16.5606         0
  280   19.8445   17.6252         0
  281  104.1275  193.7267         0
  282    9.2879   69.1307         0
  283   11.2299   26.7072         0
  284  107.7025   61.7344         0
  285  167.6382  107.8435         0
  286  152.9811  106.0848         0
  287  105.6618   59.6522         0
  288  163.9088  146.2518         0
  289   36.1850   10.7604         0
  290  150.7062  162.3688         0
  291    5.4534   25.6712         0
  292  174.6947  162.5051         0
  293  142.9157  196.7510         0
  294  112.4107  115.8323         0
  295   34.6989   31.3748         0
  296   57.9355  172.4533         0
  297    7.4269   35.4316         0
  298  137.6169   65.0349         0
  299   52.7337    4.5835         0
  300   64.8851   54.8073         0
  301  149.7258   93.1721         0
  302  176.4454   14.6753         0
  303  128.4523  138.9760         0
  304   84.9378  190.6485         0
  305   23.3309   88.9742         0
  306   45.4364  179.7009         0
  307   62.2631   20.6890         0
  308  102.4946  175.3690         0
  309  194.4485  142.7814         0
  310   21.5030   79.6407         0
  311  196.5509  137.5723         0
  312  120.4976   67.1927         0
  313  109.9091  136.2331         0
  314   48.9670  176.1560         0
  315  171.3550   86.5749         0
  316  137.0127  170.5676         0
  317   54.5785    1.6559         0
  318  189.8688  115.6457         0
  319   44.8119  192.8100         0
  320  168.0925   30.2308         0