1	4	12.1235648738787
1	24	20.4915053745497
1	42	16.4775931261666
1	93	14.6489080545616
1	129	5.83041283332991
1	225	19.0048692584170
1	269	12.9911329739787
1	271	18.2748443783800
1	305	18.6178232485512
2	12	14.3519321646832
2	99	6.97702515750838
2	144	14.5969522307893
2	164	14.0892321528542
2	203	17.3104764559212
2	214	4.86945062404899
2	236	13.9971887491226
2	251	11.9705421668234
2	262	18.3164122866496
2	274	11.9384512418935
3	16	6.89471372818391
3	61	11.3427141593647
3	62	8.32121552996758
3	70	9.70038225580156
3	78	14.7540530813657
3	98	9.40126594869424
3	107	10.4890974165965
3	108	12.7466931294513
3	131	11.3818966581964
3	183	10.1551141295507
3	277	1.45762533367883
3	308	15.2462068897791
4	24	16.8336249858854
4	33	18.3105530012482
4	42	6.76597437495343
4	93	17.0133783700438
4	116	18.9594460940167
4	129	12.5775344097175
4	240	17.8966616765305
4	305	7.89233684959420
4	310	17.6536945895462
5	19	18.7742310455988
5	122	9.63841800601784
5	149	9.98101620643115
5	173	4.39349765122545
5	206	3.54890978272500
5	242	17.3157481057171
5	243	15.4179352711189
5	259	12.1681024236479
5	296	15.0931572162939
6	17	11.2504502553144
6	34	17.6281647420361
6	66	16.6864121329859
6	126	10.1261973640284
6	139	15.9297278079928
6	142	19.7638951360133
6	167	10.4891770292219
6	220	11.3630332856360
6	298	15.5309206510579
6	312	18.2299768071502
7	45	19.3179729318528
7	85	9.51784988745133
7	105	12.8720390673470
7	161	16.2145811994865
7	190	13.9334075276540
7	212	11.7186491055990
7	320	10.7638940615471
8	11	17.0215082196457
8	46	11.8381587508615
8	50	7.36540705070741
8	123	18.6899568847065
8	141	16.1210970650673
8	186	15.8760942188740
8	202	16.1597758745059
8	215	11.3615935351606
8	224	17.0138978533921
8	241	18.4290622317524
8	302	16.6878594644354
8	320	11.4885092995508
9	40	18.8073877215891
9	114	14.6887891412498
9	163	17.3407019898066
9	186	18.9831281384784
9	208	8.54387949908381
9	222	11.3622484711831
9	270	12.2412924380290
10	14	18.0974302781167
10	26	17.0815495577368
10	36	18.1090488525468
10	38	17.8934782639983
10	52	19.6406652388471
10	124	16.8907199889616
10	158	13.6751695775034
10	213	12.1922808218096
10	238	10.3462468949265
10	257	17.9940779889407
10	278	11.6802410680279
10	285	19.4721443523343
10	286	17.1660714921746
10	301	9.48029361848289
10	315	13.6515174616828
11	46	17.8789139695696
11	50	9.89286273116092
11	80	2.84018378483586
11	90	18.3462607352778
11	123	4.96750166771151
11	141	2.33405864263218
11	186	12.7415122815422
11	202	16.1377350713369
11	215	12.4350382902798
11	222	16.6981787563091
11	224	14.0301311336093
11	241	4.53053811197781
11	270	15.3092973434057
12	99	14.4397877630086
12	144	19.3529227939669
12	145	18.7710668817715
12	154	12.9590458710862
12	214	13.3856600215668
12	246	8.52174960595603
12	251	11.0320928672070
12	262	6.06900762034862
12	274	18.6420072222025
12	279	16.3666031794373
13	39	15.3260595702326
13	201	11.0637491838089
13	260	10.8511592383695
13	280	18.5694531062100
13	295	2.73264111005357
14	18	12.8148343913296
14	22	11.9341573275611
14	25	7.67840276308494
14	38	2.32753676446626
14	49	14.6613487446190
14	102	6.90751507348143
14	124	4.60252794813161
14	125	18.6572105232541
14	158	16.3148901838469
14	184	15.5023102243218
14	219	19.2155774242063
14	238	17.6239050271675
14	257	5.64351446321448
14	285	3.03589704982222
14	286	12.0959785496444
15	79	18.8476504014714
15	106	17.1115057009391
15	137	17.0125507584612
15	188	18.3051052781140
15	192	16.7557066805580
15	248	16.5231898221583
15	284	12.6028399455131
15	287	15.3015460966682
15	312	17.1814617790061
16	61	16.5372297660185
16	62	12.8758068270891
16	70	6.27028664913194
16	98	15.1734826181254
16	100	19.5791933579601
16	107	10.7553981949938
16	108	5.47273591793067
16	131	7.55582070759460
16	183	15.9473634841399
16	263	19.0296402459077
16	277	8.26669270259336
16	308	16.8655819257415
17	34	13.4984195333143
17	66	13.6180298855356
17	139	17.6353733196105
17	142	7.62375802840063
17	220	18.4165186362398
17	298	6.72953342394086
17	312	12.0120499716601
18	22	16.4052470657464
18	25	15.5941022875803
18	38	14.5788797980190
18	54	13.9664005164773
18	60	13.2377702386485
18	102	14.6505935198482
18	124	17.4719001612229
18	125	7.13500502865776
18	128	17.8592585232514
18	184	15.3997638872808
18	238	17.4773031944923
18	257	18.4085169020475
18	285	9.57657741878090
18	315	19.4580899781421
18	318	16.2232927849704
19	23	14.5107294312197
19	64	15.0459331425561
19	146	16.3698507430601
19	147	10.8726467894790
19	206	16.7116445912819
19	218	17.4299043181868
19	229	20.4872287078576
19	237	17.8164036934822
19	243	17.7698529431466
19	244	6.99218504606165
19	249	18.0698263643170
19	273	14.2317821667639
20	36	18.4393163103375
20	49	16.6123404170421
20	56	18.2431304001327
20	72	18.8508506619943
20	77	11.5907125090018
20	111	12.7720166046984
20	124	19.5634782591001
20	158	17.7023463796579
20	182	13.2311984766720
20	187	7.00388023069359
20	257	16.9750094802649
20	286	14.4919663031324
21	33	8.17276288269906
21	37	16.8240521876020
21	42	19.5852772502556
21	69	15.4197540994981
21	74	8.09971448371800
21	104	17.9391824589431
21	133	15.6024162324763
21	221	5.97821865091999
21	240	16.2249744561932
22	25	5.22030606181813
22	38	12.8167978974875
22	49	8.99719996511746
22	54	18.6241631346533
22	102	5.81588347223497
22	115	17.9925041795738
22	124	14.2606234910592
22	128	15.8323951062552
22	184	6.70681181525660
22	219	9.98001269333873
22	231	18.1900390332781
22	257	13.9117620895407
22	267	17.4992512195366
22	285	12.2215015948878
23	97	17.9835124400716
23	146	1.77101022567528
23	169	20.0681396051547
23	173	19.0593450726113
23	228	15.2721311919448
23	237	3.45495602591185
23	243	8.19860926511410
23	244	17.1430788190138
23	273	18.7215284437251
23	296	16.6509784752977
23	306	11.1879494271312
23	314	10.2986418489257
24	29	9.46525975931590
24	116	13.4059157730455
24	282	18.7216605059533
24	305	12.4007701771473
24	310	14.2345184307732
25	38	7.11356300232124
25	49	9.32410324514623
25	102	0.553433741127223
25	124	9.84601576175843
25	184	10.3625720580662
25	219	12.4749446390628
25	257	9.16306852450108
25	285	7.90322886721834
25	286	14.9228435352479
26	47	16.4419895767568
26	130	8.80536107001599
26	196	9.27031133369606
26	238	19.4642808904873
26	278	8.64972741137971
26	315	18.1523382233164
27	31	11.5870343811581
27	150	0.392595864241117
27	168	13.1001306312612
27	232	3.84087181509511
27	275	15.6268412376815
28	74	18.1883177675416
28	104	12.8119034243610
28	188	17.2366646227496
28	199	6.07561265065328
28	226	11.6713028556629
28	230	10.4529404714539
28	261	18.8348282861685
28	265	19.2717723153694
29	88	15.9975703172616
29	116	14.8949677244575
29	174	18.6176765982307
29	282	11.8459287139058
29	310	17.0351639997572
30	35	12.1328924337098
30	48	11.1044920241151
30	94	17.8593081935704
30	109	18.6532019585984
30	120	10.4189047846844
30	185	15.2578422112852
30	211	19.3703547329605
30	309	5.40320690850500
30	311	9.23386378657986
31	118	18.2958200467016
31	148	13.4122137898050
31	150	11.3120082043135
31	168	5.15315677772881
31	232	7.66290151243476
31	275	15.4897780064757
32	44	16.4363995469679
32	68	16.1537247507848
32	92	7.23950703484999
32	109	16.8323098783423
32	135	15.1928372229849
32	165	8.05964049880231
32	185	19.7448149452556
32	211	12.0972083821500
32	216	10.0916548095706
32	239	18.9071595071876
32	288	16.7372674015819
32	292	3.01905228717657
33	42	11.6870151479852
33	74	14.0951030499768
33	221	9.79652221553397
33	240	17.0972521827791
34	66	0.0873088295587040
34	130	11.5867025437079
34	142	16.8957308593781
34	190	17.9548290811124
34	196	16.2958261432398
34	220	13.3818656750709
34	298	9.49197271806895
35	48	7.66361937071278
35	92	16.2902118707411
35	94	7.16576112654430
35	109	5.44400917258245
35	115	12.6288617775406
35	120	9.42245777985811
35	165	13.6407060354773
35	185	2.92314733020744
35	211	10.0182818250292
35	216	12.3035635689948
35	267	16.7617221705572
35	309	8.36300664595056
35	311	13.4083069776336
36	52	3.15376939911017
36	72	6.57322076149110
36	124	19.1990517906450
36	158	7.36208384454142
36	182	13.3828206403464
36	213	11.1585641928029
36	257	18.4193695883282
36	286	12.6962381042105
36	301	9.31552020276568
37	69	7.84076309105525
37	74	16.7202201298801
37	104	16.2623188874222
37	133	8.58768611938048
37	151	17.2322561599091
37	221	16.8251698713300
37	261	18.2744167307616
37	266	18.8926445374245
37	268	14.1116337016504
37	272	19.0597886799055
38	49	13.9146352205139
38	102	6.78703151638388
38	124	2.58156947545449
38	158	15.1070389570183
38	184	18.0787689999162
38	219	18.4449121553027
38	238	20.0135594284064
38	257	3.47320429177449
38	285	5.37284653844067
38	286	9.28813448063729
38	301	19.6841760686133
39	63	12.0920273525774
39	81	19.0735428594728
39	217	16.8947540403282
39	223	14.6797502505366
39	233	19.0578455162762
39	235	13.9066707879707
39	283	17.2996805157587
39	295	16.9134118620667
39	297	14.9217069408505
40	60	17.2156408944801
40	95	7.77139289699165
40	114	7.67076539887426
40	163	8.47115667891671
40	208	11.0497843763656
40	255	14.0453259976612
41	79	18.1954651659824
41	84	3.46794843701986
41	99	16.4383021281948
41	151	14.7680993404367
41	156	12.7728310940987
41	205	11.0037892650005
41	236	16.3938651827204
41	251	15.9424914786574
41	261	18.4897179056605
41	268	11.7896316054038
41	300	7.31863797799356
42	93	14.2991025072350
42	129	12.7455233803826
42	221	17.8359998260322
42	240	17.5622228961079
42	305	13.1602980103699
43	53	14.6826364074698
43	69	16.8726009122681
43	71	3.21362894893772
43	87	18.3324997785547
43	133	16.1197955082433
43	151	18.3991692952174
43	180	9.06516690360820
43	217	10.3830695836986
43	233	19.6333650747784
43	235	13.9457897108069
43	266	2.98421434655534
43	272	4.04064457224823
44	68	5.82971594300175
44	92	16.2119436645656
44	135	13.2286267467843
44	239	10.8743806271786
44	252	11.9565800951328
44	253	14.4756472883626
44	288	15.5722582593249
44	290	5.34701465564353
44	292	18.7873884891720
45	73	5.41645865923646
45	85	13.2182746470344
45	105	14.2766686677326
45	118	8.74687890983297
45	148	12.1472487741027
45	198	16.6628673524420
45	212	10.9226746142444
46	50	11.9523018880598
46	80	19.0689780386664
46	82	9.14182609757210
46	90	9.39814253301394
46	110	15.8372781918899
46	123	15.9275716955412
46	141	17.5123996426274
46	202	5.62634678774663
46	224	6.43610973222070
46	302	9.60122213571042
46	320	20.1138505784019
47	114	17.7879091070227
47	130	19.0956442012265
47	132	7.83304706497811
47	161	17.3613868079063
47	163	16.4869967267688
47	196	13.0659645294824
47	208	20.7815372709150
47	255	13.7576351802208
48	94	9.29173476168726
48	109	12.8316216517878
48	115	13.7064403477967
48	120	2.23564342036607
48	128	17.4101531044158
48	185	10.7142968569874
48	211	17.8335322904959
48	216	18.5195910859492
48	267	17.5529723877703
48	309	5.58962053697916
48	311	6.30180465353984
49	77	11.9049562178561
49	102	9.25622009505538
49	111	16.0247562353713
49	124	13.9521572813684
49	184	16.2624984914618
49	219	6.20074268897522
49	231	12.3138224522753
49	257	12.9139959681349
49	285	16.7550074312946
49	286	16.5619208432590
50	80	12.7661506516573
50	90	16.0069065257266
50	123	11.7556233006849
50	141	9.51869624944358
50	186	12.0930868394860
50	202	12.4441063989523
50	215	9.14013352920415
50	224	12.5906453275140
50	241	12.3462808952962
50	302	19.4083009962982
50	320	19.3078715355782
51	58	4.27133894986846
51	64	13.9773290478220
51	76	11.5213318135332
51	244	18.6101095009163
51	249	10.6299868740005
51	273	12.2245555299731
52	72	4.36589861278955
52	158	10.2687422964479
52	182	13.4175338032236
52	210	19.3649962745817
52	213	10.6367793868582
52	286	15.5376402681840
52	301	11.0399458127702
53	69	15.6555366211990
53	71	17.1882151035331
53	116	14.4260822119116
53	133	14.2053145979118
53	174	16.4647378761968
53	180	5.92916532622696
53	200	16.7984032863022
53	217	16.8358597645146
53	221	17.0806866883025
53	233	18.0289196511090
53	235	19.9482807167991
53	240	8.96473725616716
53	266	12.9012989798637
53	272	14.0475673449130
53	305	19.1060259900663
53	310	13.3541197546656
54	125	9.89444249940432
54	128	7.38220645615811
54	184	12.6085255219157
54	318	3.51855128899132
55	176	1.52837771306093
55	293	11.4476086764617
56	75	18.3798197839070
56	127	9.82861277705356
56	159	18.3825985663554
56	182	11.1490475193717
56	187	13.1484814306513
56	294	12.5927256760357
57	62	15.0974395941186
57	78	14.5713001627114
57	160	16.0572800412491
57	183	18.0241207461622
57	204	19.0608729987925
57	250	6.94773701433015
57	281	14.9834050828813
57	304	15.1358209456724
57	308	8.22315215703353
58	64	16.3869753999885
58	76	11.8124251800619
58	249	12.3833450370494
58	273	15.2756532043869
59	64	9.58318451333967
59	91	12.5927495550480
59	101	1.85693215959771
59	218	3.35943120279831
59	244	14.7054437154243
59	249	10.8774041655572
59	273	11.4071327135952
60	95	18.4315874837817
60	125	10.6612733579895
60	238	18.0370634331637
60	255	18.7740022690974
60	315	17.0583788739483
61	62	17.1221541198696
61	78	18.1691976897127
61	86	20.2720471177830
61	98	1.34959432499381
61	107	11.4510306928013
61	119	9.66647196353370
61	131	16.3139963351061
61	183	12.1152138828195
61	253	19.1474934983199
61	277	9.35802847145534
61	316	12.2591625123382
62	70	10.4816524213946
62	78	9.18026887970754
62	98	15.3569652917032
62	107	19.3986905391563
62	108	17.7898837201092
62	131	20.3302221135167
62	183	6.99346487620982
62	250	19.6403744823986
62	277	9.50539631960671
62	281	20.4626567636250
62	308	7.38113012971349
63	81	16.0879964380211
63	88	14.8036536755691
63	174	14.4799243351582
63	200	13.1200364372975
63	217	16.0095030823951
63	223	16.8474988893688
63	233	11.0449826653399
63	235	13.2521958145113
63	282	17.9523326564236
63	297	18.6727687996651
64	101	10.8924419929308
64	147	18.6548864057153
64	218	8.59321877761124
64	244	8.27311297890192
64	249	3.38202365618751
64	273	2.67893235663530
65	97	12.3095224023930
65	134	15.3335475030433
65	166	16.8621166349289
65	169	14.2100390691165
65	189	5.70934321365744
65	228	10.6306083474739
65	296	19.9377802811841
65	306	14.9965340318271
65	314	15.9799879472283
65	319	9.65911615296780
66	130	11.3802365957409
66	142	16.0771618754324
66	190	18.7760447093467
66	196	16.2297737136531
66	220	13.7022387231112
66	298	9.85809621613158
67	76	14.9511224295225
67	152	13.1613080401102
67	234	13.6925433547805
67	247	1.19693038630022
68	92	18.7873650219147
68	135	18.9103802001424
68	239	4.70551689803436
68	252	14.8535006661465
68	253	14.9933358812704
68	290	5.76468162363910
68	292	20.2334356018130
68	316	18.4118681326473
69	71	17.7130915366527
69	74	20.3585118962364
69	133	1.17217092743734
69	151	19.9617653180698
69	180	13.0893333949669
69	221	12.9114380329153
69	240	14.4822271005853
69	266	14.0595442068771
69	272	12.3408531982943
70	78	19.6238499504927
70	98	20.0307870531677
70	100	17.1226605906477
70	107	17.2656767286546
70	108	9.50234910778247
70	131	14.7192050164140
70	183	16.3728022567018
70	209	16.7554802123516
70	263	15.7802049733951
70	277	10.8313421033998
70	308	12.3430497359419
71	87	16.3606493976668
71	133	17.6760833012863
71	151	16.3012380907796
71	180	11.6712439824588
71	217	12.2763579980362
71	235	15.3293706371312
71	266	4.91536077287460
71	272	5.07786089013798
72	158	13.4101885639199
72	182	9.07144476584961
72	210	16.9565559646863
72	213	14.1216140361927
72	286	17.4211560022513
72	301	14.6005495919223
73	85	16.7887795823122
73	105	12.9886957930274
73	118	7.47769403504548
73	148	14.3603053523811
73	212	11.3408517356498
74	104	10.2433203040385
74	133	20.1822391933637
74	199	16.0085856654800
74	221	13.7463394837900
74	226	15.4958072764059
75	89	5.52503152321833
75	106	15.3150185269433
75	210	10.5845920936477
75	248	16.2998446041502
75	294	16.0613079771653
76	247	14.5255022135903
77	111	3.62301892985676
77	187	13.9659674994415
77	219	13.5392966930438
77	231	9.31154177897434
78	98	18.3764864151048
78	183	6.23646463770140
78	277	15.2055943442339
78	281	11.2692548535619
78	308	10.4081798699265
79	137	4.93051879810461
79	188	18.6178095156635
79	192	8.09209089936026
79	205	8.39892676967842
79	236	8.79049664857907
79	261	18.9608910892168
79	284	18.0370408065172
79	287	18.0558407924989
80	90	18.5475672784723
80	123	4.91663055094794
80	141	5.12664478521293
80	186	15.5305148506105
80	202	16.2475356063933
80	215	15.2545167772220
80	222	17.5321069737098
80	224	14.7905081711795
80	241	5.35936372376773
80	270	17.6280624470776
81	223	8.26964187621955
81	283	18.5722476217301
81	291	17.2816948702126
81	297	9.64725601092616
82	90	8.63316487124493
82	110	13.3150334458295
82	202	9.36159829380840
82	224	9.93115759692566
82	264	13.1181143049630
82	302	10.1605293147343
83	93	11.6500888074299
83	117	10.0388167786291
83	136	11.9043920133690
83	171	3.93104767052338
83	179	13.8956524189562
83	229	15.7800969897050
83	258	3.74974307777223
84	99	20.0860284480709
84	151	12.2000208865162
84	156	13.5192604300806
84	205	13.2756870238868
84	236	19.5608527969581
84	251	18.8433679531188
84	261	17.2237197791094
84	268	9.91176101782373
84	300	7.15249512669411
85	105	14.1528228654660
85	167	18.3482143855232
85	198	15.3132588075994
85	212	9.78371732252109
85	220	17.8913214132492
85	320	18.1810555388779
86	119	18.6110630444963
86	293	10.0249872873843
87	140	5.00995900614664
87	143	5.18081106691257
87	151	11.5174836674811
87	156	10.0041288595678
87	272	18.4253529725298
87	300	14.7866325172161
88	116	16.2212882304877
88	174	7.91625645607920
88	200	7.85631571423038
88	233	11.5083471268471
88	282	3.31912977956449
88	310	17.3297155762323
89	106	15.0467232910356
89	210	13.4242185985451
89	227	17.3768230718812
89	248	15.3514277830388
89	294	17.6827062325018
90	123	13.0100749952031
90	141	18.1157045352013
90	202	4.63728359069655
90	224	4.17765054678722
90	302	16.0103260681620
91	101	10.6385116387627
91	218	14.9941250817508
91	225	17.2102752694798
92	94	17.8094969289451
92	109	11.3375500697552
92	115	19.0830032820399
92	135	9.01620207761343
92	165	5.96397444106740
92	185	13.5547066776132
92	211	9.40422619985943
92	216	6.48248553515709
92	267	17.8927233677332
92	288	11.1260476624711
92	292	7.90180921767328
93	129	9.26549533360574
93	136	15.1373761775488
93	171	15.1303919424258
93	258	13.1569266467010
94	109	7.57864625719769
94	115	6.21575439642628
94	120	11.2450769267446
94	128	18.9632109409481
94	135	18.6107084340046
94	165	15.6048650507336
94	185	6.76664614552961
94	211	13.7932405410984
94	216	13.7305826469565
94	267	9.77079485743562
94	288	18.5627503768094
94	309	13.7480146793645
94	311	15.3057457028407
95	114	14.7794682715982
95	163	15.8919522433846
95	208	16.5761682231320
96	112	16.6513632952335
96	113	8.05949551954578
96	150	19.6202736038274
96	154	19.7444655011031
96	155	7.05467934434648
96	157	16.9638120972929
96	245	14.5887571492658
97	122	19.6972621092554
97	146	18.7461025629843
97	169	3.39613965938055
97	173	18.7765487642476
97	177	16.5175830139207
97	189	7.15360600677967
97	228	7.62334216536109
97	237	17.3304970659699
97	243	13.1300861024883
97	296	7.97683302886317
97	306	11.6885516297634
97	314	8.50875949086630
97	319	17.9952852870700
98	107	10.4488916771920
98	119	10.9061069959786
98	131	15.9761695508346
98	183	11.1070061284584
98	277	8.46756420415939
98	316	13.0579316423062
99	205	16.4188972549490
99	214	11.6795321522246
99	236	11.9885405550198
99	246	19.6597125117914
99	251	6.92644701482545
99	262	17.3912716564215
99	274	17.7537739882791
99	300	19.1777621096974
100	108	14.5027065160198
100	138	6.37272286061555
100	207	17.1627175430638
100	209	12.4719270259949
100	263	4.86251962661689
100	313	13.3601968458852
101	218	5.01370980703161
101	244	16.8793626332080
101	249	11.8504696265367
101	273	13.2310986127540
102	124	9.21390279255721
102	184	10.6989339326905
102	219	13.4919486068528
102	257	8.97021876212254
102	285	6.99180615654660
102	286	15.6424406505208
103	194	7.42140477553596
103	197	6.91771901641437
103	260	15.0984232636189
103	280	12.3368022420906
103	289	13.8497404291414
104	199	7.17345324651386
104	226	15.2707171073409
104	230	13.9494301541515
104	261	13.6483409133804
104	268	16.9996881872685
105	110	16.2248625726537
105	212	5.08466175336710
105	302	16.9307054412466
105	320	11.1631544093784
106	210	7.41635075665520
106	248	0.454970178753835
106	312	17.8599267397015
107	108	11.9708670349783
107	119	16.5893676899968
107	131	5.36033428794865
107	183	18.0487774441291
107	252	20.3445138474531
107	253	15.6561067119506
107	277	9.49481296595203
107	316	13.3618759366298
108	131	7.56549388894065
108	138	17.4082513495836
108	263	16.6970885895648
108	277	13.1395618810159
109	115	12.6482745656374
109	120	15.0973719353032
109	135	16.5898797481041
109	165	9.12233130813176
109	185	2.78577540183115
109	211	6.43723874649678
109	216	6.47402854804590
109	267	13.4635467783933
109	288	16.5951831192612
109	292	15.0235792243633
109	309	14.2335666950017
109	311	18.9567315550786
110	264	12.1963212115749
110	302	6.24497289365512
111	187	12.7882020564907
111	219	16.7438774839840
111	231	10.5469008035537
111	303	18.7870218678946
112	113	9.57111593334466
112	154	16.8713149615510
112	155	10.8217870749023
112	157	0.613784381518626
112	245	3.49561103021923
112	279	7.08123837221389
112	307	17.8903676909381
113	154	17.9159055857257
113	155	1.29934557984399
113	157	10.5371721353484
113	245	8.59173883178864
113	279	16.0067986918302
114	163	3.74034270276349
114	208	5.83223298945031
114	255	11.7732150400820
115	120	15.9730187181982
115	128	15.4800862792769
115	135	18.6013236198243
115	184	15.6269270086094
115	185	12.9030087008307
115	211	19.7177544553139
115	216	17.4343432851288
115	219	16.6096171030057
115	267	4.70033859218529
115	288	15.8929980765193
115	309	19.0514378453755
115	311	19.4216265254516
116	174	12.9079230097785
116	180	19.3318066078234
116	200	14.4114416546963
116	233	16.8065918723810
116	240	15.4708685364599
116	282	13.4402163130888
116	305	11.5397723896172
116	310	2.29023105948875
117	121	13.6040133834734
117	162	15.7173867537639
117	171	6.58237749349626
117	179	4.27637358534348
117	229	19.3646614071502
117	258	8.17917782470399
118	148	7.11800237394831
118	168	16.8049365723844
118	198	18.9623511364222
118	212	18.3771130024460
119	239	19.3920849604757
119	252	19.4251981972272
119	253	14.0109992170180
119	277	18.7481196378905
119	290	19.2056150504728
119	316	4.64613603080656
120	128	17.0507349964966
120	185	12.0939900554284
120	211	19.2535509082775
120	309	4.90593210497603
120	311	4.34581866640972
121	162	7.90336996215436
121	179	11.4860896927236
121	226	19.2314862186748
121	254	13.2909889082727
121	265	20.4491749822435
122	149	14.9965372846500
122	160	19.8902988621442
122	169	15.8251432575894
122	173	7.14170884257805
122	177	14.7923054321648
122	204	14.5632601801178
122	206	12.5670537113013
122	242	9.60605486450498
122	243	17.1759017249837
122	259	18.4228366686852
122	296	13.0176582322114
123	141	7.48125601120828
123	186	17.4855614458105
123	202	11.9544099879735
123	215	16.4405273695224
123	224	11.2928496871012
123	241	9.42628023676064
124	158	12.8407395594854
124	184	18.8262149532265
124	238	19.9788308542004
124	257	1.59001344207074
124	285	7.51812403782305
124	286	7.01869855766717
124	301	17.2593300479300
125	128	16.5447674732030
125	184	16.2902298518570
125	285	16.1751511365548
125	318	11.0033892670582
126	167	3.36761505987122
126	191	18.2308793311734
126	198	13.8999081567722
126	220	11.8667025016133
127	159	8.99713308198842
127	187	15.0787914800192
127	207	15.9770278354832
127	294	14.6247747147316
127	303	14.5166158161614
127	313	16.1692890697767
128	184	9.20122465578982
128	267	19.3581969882400
128	311	18.9485478755063
128	318	8.45111944901039
129	269	15.1172687585955
129	305	20.0803447567813
130	161	19.0916171378998
130	190	17.4751456667691
130	196	5.48666344007729
130	278	13.9942485896124
130	298	17.8923699691655
131	253	18.5350080666844
131	277	11.7390829133820
131	316	19.1207426187531
132	161	14.4050198082225
132	186	19.9207388083670
132	190	17.7984078040630
132	196	17.2439402169991
133	180	11.9193030469717
133	221	11.6384281984877
133	240	14.2239855883557
133	266	13.7543832229111
133	272	12.5909234162502
134	189	18.6139271985491
134	228	18.7930682672812
134	319	7.83791362003831
135	165	15.5477351608054
135	185	19.7147761550190
135	211	17.2928915699794
135	216	14.1398551322110
135	231	17.8220719754396
135	267	14.6878221512303
135	288	3.50711801709242
135	290	18.0208627857408
135	292	17.3789662029303
136	147	19.0796774795108
136	171	15.5532293861582
136	229	9.06070094330149
136	258	16.9173701372245
137	188	13.3707909225188
137	192	3.84285414618523
137	205	9.78555871154161
137	230	17.5285274638194
137	236	12.8358579282530
137	261	15.4337423563222
137	268	18.9142512493581
138	159	18.0209744617272
138	207	11.0135711315829
138	209	17.4205324112041
138	263	10.7936834604694
138	313	7.84943368017501
139	203	13.3952090120564
139	284	9.00735039821806
139	287	10.6615635470265
139	312	12.7323560500148
140	143	0.518631490775135
140	151	15.0110730284064
140	156	8.72814469545158
140	246	19.6435021859568
140	300	15.0811608241733
141	186	10.4687227062207
141	202	16.0158617152454
141	215	10.5430128833350
141	222	15.1090345167059
141	224	15.2749111914149
141	241	3.28088924994176
141	270	15.3012600482528
142	298	6.82298681753245
142	312	12.0360152436853
143	151	14.4218882642503
143	156	9.57437002185758
143	246	20.2156082839811
143	300	14.7883256109062
144	145	7.77203766047085
144	154	12.0856669911044
144	164	6.72034926601997
144	191	14.4603585862394
144	203	18.5171930138138
144	214	10.9377160010157
144	274	4.25229570360094
145	154	7.06785034886786
145	164	13.5325629330086
145	191	18.4534803402834
145	214	15.0239599024196
145	274	10.5468400771331
146	169	19.0174820114127
146	189	19.8728632935302
146	228	15.0137758581104
146	237	1.89663800469893
146	243	9.04449032497984
146	244	18.0723922415116
146	273	19.6385368869373
146	296	17.5176766360006
146	306	10.9816398464215
146	314	10.2779904883640
147	206	19.5101031864656
147	218	16.8047617497444
147	229	9.33310300172566
147	244	12.5617268344525
147	259	20.2826053516205
147	273	19.9311159867438
148	168	10.5844440635681
148	198	15.0105801693816
148	275	17.0472291740642
149	162	18.9165391227527
149	173	13.8231423603252
149	206	9.22744638488668
149	242	17.7816425135339
149	259	4.76479360010765
150	168	13.6142699207115
150	232	4.16839508126265
150	275	15.6361574375363
151	156	10.1636554562778
151	266	17.5582107255798
151	268	17.6179213084406
151	272	15.8912530947883
151	300	7.77082682846547
152	234	4.03055634654337
152	247	11.2151213045038
153	170	15.9634462007603
153	227	4.13485325923413
153	254	18.6050435520545
153	265	10.8133258543336
154	155	18.1628425937533
154	157	17.6328083092602
154	164	19.6825106820034
154	214	17.0871035374874
154	245	13.6115479848222
154	246	19.3981198249979
154	262	18.4045221397266
154	274	15.3967570516357
154	279	15.9154031451664
155	157	11.2934567259170
155	245	9.95465664322546
155	279	17.7385473163092
156	251	15.8244853588395
156	300	6.26758660808035
157	245	3.24651982312490
157	279	6.86476646503470
157	307	18.5259372682900
158	182	19.4336386992106
158	213	11.1563476253635
158	257	12.2043901533054
158	285	18.7886600720677
158	286	6.87681042844865
158	301	6.65706720585104
159	207	14.1845253108277
159	303	7.65842862293714
159	313	11.5278413359260
160	177	13.3488134861664
160	204	4.61434094024524
160	209	16.6529894334427
160	242	12.2614306797754
160	250	8.82476923056887
160	308	18.2075743275017
161	190	4.18335198572927
161	196	16.0518879328330
161	320	19.5707847456866
162	179	11.0766932339799
162	254	16.5684766727118
162	259	15.1425408537217
163	208	9.74322591170648
163	255	7.41873925567302
163	315	19.9502345539263
164	191	12.1840373617601
164	203	11.8736291828443
164	214	10.0527158621121
164	274	3.99888523984227
165	175	19.1737531015213
165	185	11.9093865425158
165	211	4.42594493311156
165	216	2.70828700253961
165	288	17.3568623962696
165	292	6.41272363829499
166	177	19.3551022622468
166	304	14.1004136335737
167	198	13.8172011944854
167	220	8.56157757035168
168	198	20.3474823185712
168	232	10.1835713494022
168	275	10.8046950875205
169	173	16.2520703423241
169	177	13.2526681661979
169	189	10.7867155808529
169	228	11.4220291727759
169	237	19.4876392013037
169	243	12.2710490626056
169	296	5.46683566843299
169	306	13.7257784271974
169	314	10.6268989734036
170	254	11.3702970331531
170	265	12.7274458377189
171	179	10.7872003528542
171	229	17.1523328868943
171	258	2.20213111123506
172	195	10.0050506552260
172	289	19.2825859602159
172	299	4.53642919940970
172	317	2.87695519142811
173	177	19.2307879080461
173	206	8.04803953735381
173	242	15.7648981648920
173	243	11.7728345039614
173	259	17.1662702763423
173	296	10.7256503518491
173	314	17.8407665153691
174	180	19.0977628984831
174	200	1.87056467034664
174	217	15.3166695972202
174	233	5.73937408270248
174	235	14.7913601688087
174	282	9.26563812129214
174	310	14.4776930462238
175	178	3.94495902076178
175	211	19.8871919018956
175	276	6.88930659232012
175	292	18.1180289949476
176	293	11.2253181405400
177	204	11.6918647525873
177	242	15.2952321277858
177	250	17.7600000188477
177	296	15.2424908180519
177	304	18.7766356954407
178	276	8.54167730249087
179	229	18.8392771801836
179	258	12.1608961170602
180	200	19.9220144480853
180	217	13.5912672814293
180	221	20.5169140970597
180	233	17.3021491036816
180	235	17.5389188828724
180	240	13.2981932918341
180	266	7.14864545796287
180	272	8.16516629000191
180	310	19.0200939693888
181	291	17.5557377004315
182	187	11.7120146067956
183	277	9.35271279530541
183	281	18.7665637321395
183	308	12.8465345395357
184	219	14.6612688246951
184	257	19.6453354146295
184	267	16.7356958356376
184	285	13.9468624785301
184	318	14.9647203841634
185	211	7.68628417440723
185	216	8.69615127170881
185	267	14.6637439412808
185	288	18.9454970490352
185	292	18.6024037240741
185	309	11.1634255801474
185	311	16.6906155497688
186	215	4.07516116434505
186	222	9.95025827408620
186	241	9.75536777331951
186	270	10.9254161334724
188	192	10.3145315255769
188	199	16.8478819074677
188	230	8.37977303993554
188	261	16.4313362919318
189	228	5.03596029764351
189	237	17.9389213612612
189	243	16.1729238538799
189	296	14.2270932553958
189	306	9.75148816458448
189	314	10.7864193101661
189	319	10.6121087179533
190	196	15.2836807650045
190	220	19.0662050322296
191	203	17.7827331509928
191	274	15.3545520566168
191	275	16.6686198901501
192	205	13.2913681839261
192	230	15.4180267772436
192	236	17.4119063827692
192	261	14.8866463681782
193	256	7.80268691453745
193	276	16.6838846933463
194	195	12.6035401870455
194	197	7.70234232855776
194	201	20.4081314889487
194	260	17.7601101889485
194	280	18.2383710791011
194	289	10.1122714118644
195	197	16.4663606685975
195	289	11.5416414136253
195	299	11.0091105627629
195	317	12.7564678311625
196	278	17.0708315903782
197	201	14.7181151897777
197	260	9.60494656645324
197	280	10.3989200586231
197	289	8.27250506752678
198	220	19.0969046644393
198	275	16.8827276833647
199	226	14.8530397414154
199	230	8.40253003262567
199	261	13.6411967870338
200	217	14.8345662821888
200	233	4.06456210014510
200	235	14.1333777451683
200	282	10.4060351808220
200	310	15.9357063589662
201	260	10.3886452024286
201	280	18.5019371197360
201	289	9.74733148478086
201	295	10.9532990987535
202	224	1.01424570123700
202	241	19.5058049464531
202	302	14.1669191795208
203	214	16.5884782725356
203	236	17.3341561438955
203	274	15.6860335937269
203	284	12.9180480712682
203	287	10.6817084283030
204	209	18.5619799954941
204	242	8.76506495258983
204	250	13.4725888833168
205	236	9.03138823654901
205	261	16.0182471026979
205	268	14.1732816233639
205	300	18.2899682197023
206	243	16.1281268564182
206	259	10.6091102746955
206	296	18.3022498049026
207	294	16.6947289438834
207	313	4.52935395051370
208	222	18.5839294508318
208	255	17.7321345774374
208	270	20.5652265875064
209	242	20.0034696798049
209	263	7.12887580717839
210	248	7.65298783952670
211	216	3.05702398735545
211	267	19.8799078331255
211	288	19.7837617983483
211	292	10.8022141914837
211	309	17.7540414278169
212	320	13.4754773204835
213	278	11.9603130013479
213	286	19.1554966879358
213	301	5.48837941092419
214	236	17.0610470014300
214	251	15.6382665592247
214	262	19.7241854292789
214	274	7.40270571556301
215	222	14.2231769371830
215	241	11.6826166088881
215	270	14.9999203028872
216	267	17.1376430953127
216	288	15.9727509328428
216	292	8.89113510376702
216	309	20.3444369312398
217	233	10.3160230843490
217	235	3.37349480777996
217	266	13.0705185103672
217	272	14.2025528460501
218	229	18.1172317648287
218	244	12.2922450152996
218	249	11.8606988852170
218	273	11.4193694431759
219	231	8.22463778296227
219	257	18.8873189940888
219	267	13.8721829583735
219	288	19.0824073234150
220	298	19.3816761825182
221	240	10.6703324422362
222	241	11.8758237597749
222	270	1.14651602136350
223	283	10.6569146681872
223	291	10.7310847265460
223	297	1.19605443086369
224	241	19.3371103895718
224	302	15.0692089295366
225	269	6.46414217819541
225	271	7.73289868503273
226	254	18.6073748172392
226	265	17.4523475620268
227	265	14.0059327042016
228	237	12.8942413856764
228	243	12.5466141790509
228	296	12.9644320921263
228	306	4.47770686560776
228	314	6.11471159530423
228	319	11.9223189490995
229	258	17.9545417069340
230	261	11.7777444541969
231	267	15.8728954709640
231	288	14.2956627746303
232	275	14.7236235504098
233	235	9.29231762703161
233	282	13.4833119248319
233	310	18.3940753030785
234	247	11.6375925500699
235	266	15.9551144850394
235	272	16.8599193056580
236	251	17.8414405640712
236	284	19.7139474214342
236	287	17.6306743910767
237	243	10.2048640278344
237	244	18.9971335938501
237	273	20.8634447965937
237	296	17.4111995106267
237	306	8.93379266096570
237	314	9.08419129560216
238	255	16.2251266573340
238	278	18.3661473450228
238	285	16.7571367533110
238	301	20.0511484583713
238	315	4.36707320722326
239	252	17.2438113736363
239	253	17.2669091875765
239	290	9.28069638701420
239	316	18.6194125045004
240	266	20.3278326086226
240	305	14.4909478289668
240	310	14.2846687636808
241	270	11.4128838366120
243	296	8.37281111771346
243	306	11.7376529636430
243	314	6.94064700025593
244	249	10.9306864331129
244	273	7.86188195980764
245	279	8.37060281722848
246	251	13.3717742277714
246	262	2.68945869067821
246	279	14.3412233623104
246	307	13.3161698952632
248	312	17.9828769020389
249	273	3.32065661628013
250	304	14.3220935035850
250	308	13.1095965929709
251	262	11.0840114241181
251	300	16.9310238751262
252	253	5.77733826992757
252	290	8.09658984502767
252	316	14.7976139723549
253	290	10.1195501275067
253	316	8.92548322790426
254	265	8.38165778386160
255	315	12.1066779909763
256	276	19.2991562428726
257	285	8.81681854778751
257	286	6.33877652525324
257	301	18.5138436320066
260	280	8.56919932953337
260	283	17.6227053204390
260	289	12.9605835143727
260	295	13.6408472509243
261	268	9.18340928620422
262	279	15.7314110533106
262	307	15.4170117854242
263	313	18.2536190013626
264	302	14.5769296540353
266	272	1.95164585627819
267	288	11.8746023335934
268	300	15.1288685610510
269	271	8.20193441781708
277	308	15.7742702599898
277	316	19.4843549019321
278	301	13.7859380286534
278	315	19.0350821081948
279	307	12.5783342282137
280	283	12.1647777949633
280	289	17.8508409148066
280	291	15.8647244812895
281	304	19.7677655132102
281	308	18.6137724666496
282	310	15.3988120054823
283	291	5.60829857567763
283	297	9.18646794784045
284	287	2.77543044243108
284	312	13.8205048302336
285	286	15.2527275310323
286	301	13.4729446006463
287	312	16.6755796078824
288	292	20.2162750434810
289	299	16.9532482233489
290	316	16.6116607200993
291	297	9.56757297629260
296	306	14.4728748332668
296	314	9.35656569328970
298	312	17.3572419843405
299	307	17.7864860885495
299	317	3.55263996084196
302	320	18.2720053162252
303	313	19.5262743039958
305	310	9.97395800661220
306	314	5.00564320851856
306	319	12.8239853630661
309	311	5.39308562691946
314	319	17.1779439750813
